assignment2/chm2006..asc
NCOLS 218 
NROWS 156 
XLLCORNER 2515886.05 
YLLCORNER 6861171.97 
CELLSIZE 0.498256880734458 
NODATA_value -9999 
[rows 30 to 59 of 156, columns 138 to 206 of 218]
14.98 14.92 14.89 15.48 14.93 12.24 13.85 5.88 0.788194444444444 9.59 1.23333333333333 12.75 14.86 17.9 16.64 15.88 1.60069444444444 12.78 11.85 12.89 6.2 0.836349206349206 9.67 12.54 16.87 14.98 18.32 16.58 15.84 14.59 14.08 15.51 14.84 10.2 10.03 0.34 -0.55 -0.75 0.04 -0.27 -0.5 -0.0458333333333333 -0.38 -0.82 -0.33 -0.2 -0.0256944444444444 -0.07 0.1 0.19 0.09 0.08 0.37 0.18 0.04 0.11 0.06 -0.05 0.09 0.06 0.09 0.01 -0.01 -0.04 0.00206349206349206 0.09 0.06 0.06 0.343472222222222
14.71 14.97 15.76 16.42 15.3 13.8 14.81 10.3 8.3 8.29 6.39 12.83 1.47930555555556 13.72 14.65 16.9 13.02 13.18 9.83 5.37 5.79 4.63 5.92 12.33 12.65 13.05 16.29 16.74 15.5 13.47 14.12 14.65 14.91 11.89 0.17 -0.72 -0.79 -0.77 -0.46 -0.38 -0.42 -0.4 -0.26 -0.4 -0.37 -0.13 -0.07 -0.03 -0.01 -0.02 -0.01 0.16 0.05 0.02 0.13 0.02 0.16 0.08 0.13 0.09 -0.03 0.05 0.08 -0.06 -0.02 0.04 -0.07 0.03 10.94
13.03 15.38 15.02 14.93 14.47 14.47 14.05 10.24 7.83 8.08 0.738888888888889 6.04 15.37 13.04 14.15 14.48 8.72 -0.34 0.460555555555555 4.81 3.87 0.35 0.64 0.94 8.95 9.45 9.73 1.32761904761905 13.69 15.09 13.72 13.54 13.08 9.29 -0.34 -0.72 -0.69 -0.0643055555555556 -0.51 -0.33 -0.34 -0.25 -0.38 -0.02 0 0.04 -0.03 0.11 0.00888888888888889 0.16 0.28 0.16 0.13 0.11 0.06 0.05 0.09 0.02 0.07 0.00555555555555555 0.11 -0.02 0.08 -0.00402777777777778 0.07 -0.07 0.08 -0.04 11.89
12.83 12.94 1.59833333333333 15.24 15.37 13.9 11.55 11.55 9.41 4.67 0.354603174603175 0.25 0.4825 -0.06 10.55 10.69 8.66 0.2 0.04 0.07 0.18 0.57 0.58 0.158472222222222 -0.03 8.84 5.05 0.546349206349206 6.64 -0.18 10.88 9.46 12.18 9.03 -0.51 -0.5 -0.57 -0.47 -0.37 -0.18 -0.1 -0.1 0.06 -0.08 0.00388888888888889 -0.05 0.06 0.08 0.15 0.2 0.14 0.0157142857142857 0.05 0.12 0.02 0 -0.04 0.13 -0.02 0.09 -0.04 0.0744444444444445 -0.16 -0.19 -0.09 -0.06 0.524027777777778 11.99 -0.2
12.6 12.63 15.01 13.93 11.86 11.74 12.06 11.49 8 3.39 -0.17 0.08 -0.02 0.04 -0.26 10.29 0.42 0.19 0.21 0.12 -0.13 0.3 0.11 0 0.22 -0.25 -0.21 -0.46 -0.02 0.16 8.53 8.6 0.524305555555555 -0.43 -0.52 -0.46 -0.28 -0.19 -0.08 -0.1 -0.08 0.09 0.00285714285714286 0.06 0.14 0.19 0.16 0.0134722222222222 0.08 0.23 0.0205555555555556 0.19 0.04 0.15 0.00763888888888889 0.05 0.12 0 0.02 -0.09 -0.05 -0.09 5.53 5.38 0.372777777777778 -0.22 12.95 13.1 15.66
15.09 14.84 15.26 1.52069444444444 11.81 12.19 6.59 7.43 4.09 0.45 0.61 -0.28 0.25 -0.06 0.53 0.51 0.42 0.48 -0.44 -0.38 -0.23 -0.25 -0.27 -0.02125 -0.25 -0.58 -0.5 -0.63 -0.0363492063492063 -0.68 0 -0.41 -0.4 -0.28 -0.32 -0.25 -0.21 0 -0.15 0.13 -0.03 0.02 0.00746031746031746 0.13 0.16 0.0144444444444444 0.11 0.13 0.2 0.23 0.0173015873015873 0.12 0 0.08 0.05 0.08 0.396666666666667 6.74 5.4 9.13 9.25 9.64 1.04388888888889 11.59 10.84 -0.41 0.835555555555556 12.76 15.65
1.48652777777778 14.32 15.57 13.8 12.25 4.29 5.22 0.71 0.07 0.24 0.15 0.49 0.16 0.11 -0.15 0.32 0.12 0.33 -0.03 0.02 -0.24 -0.48 -0.4 -0.49 -0.45 -0.5 -0.71 -0.0515873015873016 -0.37 -0.29 -0.42 -0.33 -0.09 -0.19 -0.09 -0.05 0.17 0.01 0.00388888888888889 0.12 0.11 0.02 0.06 0.09 0.02 0.1 0.16 0.13 0.09 0.07 0.08 0.17 -0.01 0.173194444444444 0.06 4.17 7.63 9.77 -0.08 11.28 12.98 13.4 15.73 13.98 13.77 9.39 5.07 1.4415873015873 15.33
14.3 14.04 15.46 13.12 11.67 11.64 0.24 0.3 0.14 0.29 0.57 0.45 0.12 -0.14 0.14 0.15 0.05 -0.1 -0.81 -0.0516666666666667 -0.8 -0.5 -0.6 -0.0433333333333333 -0.0388888888888889 -0.55 -0.36 -0.29 -0.39 -0.38 -0.0216666666666667 -0.04 0.02 -0.07 0.01 -0.05 -0.03 0.05 0.08 0.04 0.0111111111111111 0.13 0.1 0.13 0.07 0.13 0.18 0 0.23 0.12 0.1 0.11 0.05 6.12 6.12 5.07 7.74 11.38 11.5 13.03 12.78 17.27 16.38 16.44 15.06 -0.07 14.68 12.28 15.05
1.31097222222222 13.27 12.63 11.55 1.85 11.81 -0.59 -0.16 0.26 0.28 0 -0.5 0.14 -0.28 0.07 -0.04 -0.13 -0.34 -0.5 -0.58 -0.78 -0.6 -0.46 -0.22 -0.11 -0.13 -0.0176388888888889 0 -0.0116666666666667 -0.04 -0.05 -0.01 0.04 0.16 0.09 0.05 0.0046031746031746 0.05 0.1 0.18 0.05 0.15 0.2 0.0116666666666667 0.08 0.01 0.12 0.21 0.14 -0.06 0.04 -0.04 0.05 5.51 0.905277777777778 10.1 13.8 15.86 13.83 14.95 1.76180555555556 17.32 19.1 18.77 15.04 12.29 9.97 1.32055555555556 11.97
9.71 12.89 10.67 8.94 11.04 0 0.15 0.31 0.28 0.4 -0.00652777777777778 -0.01 0.46 -0.39 -0.0183333333333333 -0.15 -0.3 -0.57 -0.74 -0.48 -0.54 -0.39 -0.24 -0.0108333333333333 -0.23 -0.02 0.03 0.05 0.02 0.19 0.02 0 0.13 0.04 0.12 0.0149206349206349 0.1 0.12 0.16 0.14 0.21 0.13 0.16 0 0.1 0.12 0.00597222222222222 0.09 -0.06 -0.04 -0.08 -0.07 0.294166666666667 8.47 9.82 13.97 14.86 16.47 16.1 16.39 15.63 19.48 19.89 19.78 16.36 17.06 13.6 9.76 7.77
0.604861111111111 0.17 0.625972222222222 11.08 11.24 -0.09 0.0181944444444444 0.08 0.41 -0.06 0.01 -0.59 -0.0184722222222222 -0.11 -0.21 -0.21 -0.56 -0.31 -0.39 -0.16 -0.12 -0.15 0.14 0.17 0.17 0.2 0 0.0104166666666667 0.23 0.13 0.15 0.15 0.17 0.18 0.18 0.26 0.14 0.13 0.05 0.06 0.19 0.09 0.12 -0.01 0.00388888888888889 -0.07 0.03 -0.08 -0.06 -0.09 -0.3 -0.18 -0.2 7.64 8.2 1.43902777777778 14.34 17.5 17.94 19.31 16.82 18.91 2.14458333333333 19.62 17.71 17.61 11.84 8.08 6.74
0.58 0.6 0.57 0.15 0.43 0.38 0.34 0.14 0 -0.34 -0.33 -0.27 -0.19 -0.23 -0.71 -0.22 -0.26 -0.35 -0.06 -0.19 -0.14 0.01 0.09 0.09 -0.11 0.1 0.1 0.13 0.19 -0.03 0.02 0.24 0.24 0.23 0.06 0.0127777777777778 0.1 0.06 0.01 0.1 0.00861111111111111 0.02 -0.07 0.06 0 0.08 -0.2 0.05 0.00347222222222222 0.02 0.32 -0.26 0.221666666666667 -0.06 12.71 14.15 15.56 16.34 18.54 18.43 16.62 18.72 18.7 19.31 16.3 16.26 17.32 13.84 14.58
0.14 0.44 0.54 0.42 0.13 0.16 -0.31 -0.49 -0.21 0.09 -0.45 -0.0363888888888889 -0.25 -0.36 -0.11 0.01 -0.09 -0.26 0.1 0.2 0.28 0.07 0.0134722222222222 0.3 0.15 0.1 0.17 0.37 0.19 0.29 0.25 0.16 0.1 0.15 0.08 0.09 0.01 0.14 0.16 0.04 0.13 -0.01 -0.1 -0.0140277777777778 -0.27 -0.1 -0.18 0.09 0.17 0.15 0.08 0.14 0.5 8.38 11.09 14.92 13.95 17.63 17.5 17.92 1.80916666666667 15.29 14.83 15.27 16.31 17.42 17.03 1.69305555555556 15.47
0.1 0.4 0.44 0.27 0.23 -0.22 -0.32 -0.0322222222222222 -0.34 -0.0236111111111111 -0.32 -0.53 -0.28 -0.32 0.0025 0.18 -0.02 0.14 0.01 -0.03 0.14 0.13 0.12 0.16 0.23 0.0195833333333333 0.06 0.17 0.12 0.28 0.08 0.05 0.01 0.03 -0.1 0.03 0.13 0.03 0.19 -0.12 -0.22 -0.21 -0.09 -0.22 -0.32 0.03 0.03 0.0113888888888889 0.23 0.23 0.31 0.15 0.36 0.474444444444445 8.14 13.19 13 15.6 16.4 16.4 14.34 12.54 16 15.85 14.66 17.02 16.1 13.78 13.78
-0.13 -0.02 0.23 0.14 0.24 -0.11 -0.28 -0.21 -0.16 -0.11 -0.2 -0.01 0.18 0.22 0.21 0.35 0.15 0.0158333333333333 0.19 0.25 0.23 0.3 0.07 0.25 0.21 0.16 0.33 0.11 0.0138888888888889 0.17 0 0.12 0.17 0.06 -0.21 0.22 0.25 -0.02 0.12 -0.00277777777777778 -0.24 -0.2 -0.27 -0.52 -0.3 -0.13 0.1 0.28 0.1 0.01 0.21 0.02 0.1 -0.09 5.68 9.5 1.47958333333333 14.23 16.39 12.84 14.37 16.43 17.12 18.14 15.14 15.37 15.41 15.12 15.26
0.01 -0.11 -0.05 -0.01 0.08 0.08 -0.09 0 0.6 0.00583333333333333 0.08 -0.05 0.12 -0.03 -0.05 0.08 0.18 0.21 0.28 0.09 0.32 0.0223611111111111 0.14 0.28 0.17 0.25 0.05 0.01 0.11 0.03 -0.17 0.00111111111111111 -0.18 -0.07 0.16 0.21 0.11 0.03 -0.07 0.14 0 -0.13 -0.0244444444444444 -0.44 0.2 0.13 0.32 0.51 0.01 0.38 0.21 -0.05 0.06 -0.01 0.722222222222222 12.63 13.32 15.06 15.01 1.66861111111111 14.66 1.87611111111111 17.8 19.1 18.78 14.07 1.67111111111111 14.55 15.8
-0.02 -0.000972222222222222 0.12 -0.08 0.02 0.09 0.19 0.05 0.07 0.16 -0.02 0.12 0.23 0.1 0.32 0.23 0.18 0.13 0.21 0.28 0.15 0.2 0.2 -0.06 0.13 0.21 0.15 0.16 0.07 0.320138888888889 0.11 0 0.03 -0.16 0.21 0.2 0.41 0.47 0.23 0.21 -0.06 -0.38 0.18 0 0.04 0.0836507936507936 0.0387301587301587 0.32 0.24 0.41 0.3 0.15 0.05 0.09 11.52 12.68 16.18 1.705 15.47 13.83 17.57 17.84 19.29 18.18 -0.19 17.81 15.02 12.97 1.59652777777778
-0.04 0 0.02 -0.12 0.00458333333333333 0.12 0.14 0.21 0.17 0.11 0.1 0.05 0.22 0.11 0.19 0.12 0.12 0.29 0.11 0.17 0.09 0.14 0.0122222222222222 0.15 -0.09 0.16 -0.2 0.11 -0.03 11.64 11.29 0.07 12.24 -0.06 -0.01 0.04 0.45 0.0272222222222222 0.19 0.48 0.04 0.22 0.0616666666666667 3.23 3.69 0.69 0.2 0.27 -0.01 0.27 0.498611111111111 -0.05 -0.08 0.60462962962963 1.09537037037037 12.43 14.48 16.27 16.97 16.68 1.57486111111111 17.49 18.06 18.2 18 18 12.43 9.67 14.14
-0.05 0.29 0.15 0.04 0.16 0.1 0.11 0.31 0.0208333333333333 0.16 0.22 0.08 0.09 0.14 0.16 0.2 0.27 0.17 0.15 0.13 0.16 0.1 0.08 0.07 0.19 -0.03 -0.02 0.596825396825397 11.73 11.97 1.20396825396825 12.3 12.75 0.607460317460317 -0.07 0.12 0.27 0.22 -0.28 0.1 -0.09 -0.05 0.89 0.35 1.54 3.52 -0.19 -0.09 0.14 10.79 11.19 12.84 10.73 0.989333333333333 10.34 12.09 15.57 16.01 15.08 0.06 13.45 16.47 18.59 16.8 17.17 17.41 12.83 1.19095238095238 1.14238095238095
0.04 0.05 0.15 0.1 0.0145833333333333 0.18 0.25 0.23 0.13 0.18 0.12 0.13 0.08 0.09 0.17 0.03 0.08 0.03 0.12 0.19 0.04 0.09 0.04 -0.06 -0.12 -0.16 0.486481481481481 13.4 12.61 13.95 1.5284126984127 14.63 13.41 0.01 0.218730158730159 0.1 0.24 -0.31 0.1 -0.0138888888888889 -0.22 0.0263492063492063 1.32 2.27 1.27 -0.17 -0.26 14.95 1.13166666666667 10.32 10.55 12.7 12.57 1.25126984126984 10.96 10.97 1.46888888888889 13.74 1.40111111111111 14.73 13.54 13.7 16.39 7.44 16.94 16.24 10.84 10.88 4.24
0.1 0.15 0.0125 0.18 0.17 0.12 0.13 0.0180555555555556 0.24 0.3 0.11 0.14 0.09 0.03 0.2 0.14 0.16 0.15 -0.07 -0.04 -0.13 -0.04 -0.05 -0.12 -0.25 0.216296296296296 -0.16 13.24 14.01 13.65 14.59 15.2 1.39666666666667 13.67 -0.01 -0.04 0.35 13.82 -0.26 -0.18 -0.17 0.00796296296296297 -0.02 2.96 2.5 15.76 -0.21 14.76 15.05 15.56 12.52 12.47 12.14 10.87 11.22 11.11 13.25 13.02 13.11 15.13 13.23 14.2 16.41 1.3987037037037 12.33 13.43 8.15 8.45 0.717916666666667
0.15 0.11 0.09 0.07 0.12 0.02 0.11 0.13 0.08 0.06 0 0.00513888888888889 0.02 0.07 -0.01 -0.04 -0.09 -0.03 -0.08 -0.04 -0.17 -0.15 -0.13 -0.08 -0.25 0.269111111111111 12.62 12.35 0.03 16.17 16.66 16.41 14.66 1.38301587301587 13.24 14.52 13.65 14.6 12.94 12.77 0.36984126984127 -0.33 -0.15 11.86 14.32 12.58 15.23 15.54 15.61 15.96 1.71972222222222 15.53 16.36 11.94 11.82 11.42 12.78 12.95 14.13 14.78 13.04 9.24 1.41888888888889 6.02 1.03444444444444 8.88 8.27 7.46 4.38
0.08 0.01 0.04 -0.05 0.04 0.18 0.02 0.11 0.23 0.06 0.21 -0.08 -0.12 -0.19 -0.15 -0.15 -0.17 -0.15 0.01 0.000793650793650794 0 0.02 0.11 -0.05 0.15 0.798888888888889 1.43722222222222 12.29 13.85 14.61 16.22 15.7 13.97 15.26 16.34 14.23 17.36 16.7 14.63 11.42 0.04 -0.25 14.2 16.34 18.26 17.79 15.04 14.68 16.16 17.55 17.42 16.81 17.19 16.39 15.08 13.43 15.54 15.29 16.46 1.7225 16.42 15.96 14.79 1.26422222222222 6.16 9.04 1.32583333333333 13.46 6.86
-0.08 0.04 0.01 -0.03 0.05 0.13 -0.03 0.06 0.16 -0.03 2.44 -0.13 5.42 -0.18 -0.24 -0.0227777777777778 -0.16 0 0.23 0.1 0.478703703703704 8.92 14.34 11.24 3.76 15.03 11.83 13.49 13.11 14.02 15.28 15.27 13.64 13.53 17.01 1.85916666666667 17.4 16.87 16.84 11.36 13.22 12.73 13.85 15.08 17.51 18.43 16.18 15.98 17.24 17.22 17.7 16.02 16.69 14.66 14.85 13.39 14.6 15.7 17.09 16.2 15.9 15.45 14.93 1.5337037037037 14.99 17.31 17.58 13.46 7.84
0 -0.15 -0.12 -0.02 -0.23 -0.21 -0.17 -0.02 -0.29 0.51 7.07 6.89 9.15 -0.3 -0.38 -0.26 -0.13 -0.19 9.07 0.23 1.20873015873016 16.58 14.71 12.27 1.41916666666667 13.97 14.66 1.50930555555556 14.77 13.56 14.35 12.76 0.35 16.64 15.9 17.71 17.91 16.82 2.65 17.52 18.37 15.12 15.81 1.79013888888889 18.39 1.88902777777778 17.11 16.16 15.84 16.41 17.18 16.56 16.02 16.06 12.44 1.53968253968254 14.68 16.65 16.94 17.26 16.13 13.91 1.68759259259259 16.3 15.65 17.3 17.17 16.66 5.87
0 0.331805555555556 -0.08 -0.1 -0.11 -0.0302777777777778 -0.3 -0.28 8.29 8.34 10.74 8.61 1.02208333333333 10.26 0.640634920634921 -0.05 0.832361111111111 14.06 13.4 15.83 16.3 18.19 17.6 16.66 13.64 15.61 15.75 14.78 10.28 1.23685185185185 1.12333333333333 1.14722222222222 13.84 16.28 1.77180555555556 18.11 16.34 17.24 19.04 19.24 18.38 15.38 17.57 15.38 15.3 18.1 14.99 12.31 16.78 16.7 16.61 17.19 15.69 12.29 1.45314814814815 12.9 14.14 1.44097222222222 0.11 15.11 16.03 13.83 1.72037037037037 16.71 16.48 17.97 1.94208333333333 17.28 15.19
11.21 13.12 -0.09 -0.48 -0.41 -0.47 -0.28 3.74 1.9 11.78 10.95 12.08 12.01 14.89 1.41793650793651 16.2 14.72 15.58 12.28 11.82 17.55 18.3 18.49 17.16 16.07 14.85 1.63402777777778 14.96 14.06 -0.23 0.434074074074074 1.36555555555556 1.438 11.26 15.86 15.81 15.26 16.7 2.10763888888889 20.95 20.4 18.96 16.16 15.36 11.52 13.05 14.04 13.12 15.01 1.66819444444444 14.32 16.45 11.86 11.53 1.35968253968254 13.25 12.66 13.14 15.43 15.72 0.22 15.39 1.7331746031746 16.76 18.37 18.81 17.48 17.16 17.29
14.65 13.28 13.3 -0.52 -0.0477777777777778 0.0672222222222222 -0.45 0.452083333333333 3.55 9.73 15.59 16.02 15.55 13.59 17.25 17.19 19.3 17.24 15.24 15.55 16.79 18.47 19.02 15.84 14.4 14.22 14.14 13.34 1.05388888888889 1.21 0.848703703703704 10.74 1.25622222222222 12.59 12.78 10.52 1.69361111111111 19.12 19.63 19.83 20.6 16.75 15.01 10.4 11.41 13.27 13.14 1.52583333333333 14.02 14.06 12.61 13.82 9.73 11.22 11.3 13.17 12.84 13.27 1.55037037037037 13.57 14.21 14.71 14.43 17.36 0.3 17.54 17.7 17.48 16.93
15.45 14.72 13.14 -0.59 -0.11 0.366 5.35 5.36 13.38 13.15 14.46 16.69 17.09 16.26 16.8 18.69 19.49 17.79 14.99 14.42 15.85 15.18 17.44 14.29 16.19 15.12 15.44 13.28 9.98 9.28 11.98 12.85 9.09 1.36079365079365 13.59 13.81 14.18 16.54 17.06 17.73 17.28 18.02 15.8 1.24 1.26791666666667 14.88 13.99 14.45 12.09 14.46 10.5 11.81 11.78 11.57 0.883518518518518 0.937037037037037 13.1 0.96537037037037 12.59 1.01666666666667 14.01 1.36666666666667 14.39 14.02 17.16 15.88 15.55 14.38 12.78
16.44 -0.39 15.04 -0.39 0.307777777777778 3.45 8.23 1.10680555555556 9.96 1.51527777777778 15.98 15.99 17.66 17.01 17.2 18.33 18.3 17.36 16.91 11.72 1.53305555555556 13 14.96 15.17 16.17 15.98 13.8 13.12 8.87 9.83 13.04 13.5 11.06 12.26 14.36 13.83 14.64 1.60347222222222 12.78 16.89 16.03 16.32 17.13 11.06 13.93 15.1 15.36 14.86 12.13 14.46 11.19 11.43 0.18 0.36 0.09 0.293777777777778 0.1 0.23 1.01759259259259 0.32 0.2 1.25622222222222 14.15 13.33 1.64680555555556 15.84 15.24 14.64 14.55
