assignment2/chm2006..asc
NCOLS 218 
NROWS 156 
XLLCORNER 2515886.05 
YLLCORNER 6861171.97 
CELLSIZE 0.498256880734458 
NODATA_value -9999 
[rows 0 to 29 of 156, columns 69 to 137 of 218]
15.67 15.18 14.64 12.97 -9999 10.68 0.05 -0.18 -0.07 11.73 11.93 11.68 0.08 -0.19 11.74 14.28 -9999 9.92 9.71 -9999 -9999 1.37 -9999 -9999 -9999 12.96 13.18 14.29 16.2 15.64 11.72 11.16 15.08 14.98 15.37 14.58 10.63 -0.14 11.74 11.09 -9999 -9999 6.44 -0.18 7.41 7.6 -0.02 -0.01 0.03 -9999 0.11 0.01 -0.17 -9999 5.62 4.98 5.91 -0.04 0.04 0.18 1.36 0.58 4.28 6.13 8.29 9.07 8.43 10.92 12.67
1.68148148148148 14.46 12.39 14.6 8.68 1.97 0.14 0.590952380952381 0.762063492063492 11.99 0.656805555555556 -0.26 12.97 11.95 13.7 1.57507936507936 14.92 11.94 12.02 12.41 0.08 1.19 0.96 0.31 0.07 10.54 12.73 1.51238095238095 15.04 14.71 1.48507936507936 15.21 14.14 15.86 14.45 15.36 15.24 12.74 14.5 9.75 11.55 9.23 6.43 0.468518518518519 0.370634920634921 -0.03 0.01 0.03 0.28 0.21 -0.07 0.18 4.86 4.36 4.96 5.75 7.45 6.62 0.254305555555556 -0.05 0.11 0.174027777777778 6.2 7.66 9.08 9.33 10.82 10.87 12.53
14.27 1.40796296296296 9.9 12.84 5.11 13.97 12.77 12.23 12.29 0.02 0.14 0.06 12.63 14.57 15.06 15.66 13.87 13.26 1.32555555555556 0.1 0.700952380952381 0.339259259259259 0.104603174603175 3.29 0.05 3.75 1.12666666666667 10.77 13.07 13.09 1.35857142857143 12.03 12.9 14.25 14.38 13.92 1.5 14.96 14.85 14.97 1.38873015873016 1.00796296296296 0.649777777777778 -0.12 5.32 3.35 7.86 -0.12 0.390138888888889 0.1 0.15 0.08 6.3 6.52 5.25 11.68 8.65 5.77 5.83 -0.04 0 -0.12 0.12 8.47 8.3 11.37 1.39041666666667 13.75 11.8
12.61 12.4 1.11259259259259 4.08 13.5 1.47305555555556 15.53 2.98 -0.06 0.788730158730159 0.565777777777778 0.869555555555555 13.14 14.32 15.57 1.70174603174603 16.11 16.05 14.75 14.91 15.36 0.11 0.62 0.11 0.731944444444444 10.92 12.13 1.10092592592593 6.39 5.32 12.93 12.3 13.12 14.43 13.46 10.75 10.77 14.26 15.92 14.74 13.52 13.73 -0.03 0.322666666666667 0.518888888888889 0.922380952380952 10.43 10.75 10.67 6.17 0.537638888888889 6.64 12.85 14.14 11.82 9.32 8.5 7.79 0.488730158730159 0.197407407407407 0.01 0.12 0.467361111111111 8.41 12.14 13.76 13.99 16.22 16
14.41 10.14 1.1615873015873 10.72 13.72 15.55 15.91 15.77 12.06 12.08 13.16 1.47407407407407 1.45444444444444 12.39 1.57412698412698 15.88 15.06 15.99 14.59 16.09 16.31 1.0984126984127 10.92 10.55 11.92 12.11 4.88 1.21888888888889 12.21 10.61 1.00597222222222 11.58 11.59 1.40041666666667 11.71 13.43 13.05 14.09 14.63 13.42 13.31 9.46 0.638571428571429 0.3 9.05 10.12 11.98 11.66 9.55 8.5 5.79 11.28 13.49 12.31 13.95 1.29277777777778 7.9 6.58 4.98 -0.12 0.171296296296296 0.15 5.49 11.01 13.55 14.4 13.87 13.24 15.8
2.39 12.75 12.78 10.31 13.95 15.85 14.86 14.45 13.38 14.95 13.5 1.51555555555556 1.22138888888889 12.51 14.72 13.78 15.69 1.73777777777778 18.13 16.65 15.3 10.58 1.13714285714286 0.2 13.27 13.91 15.12 13.69 12.37 10.68 0.18 8.83 11.95 12.19 12.38 10.17 12 12.69 13.21 11.25 10.24 10.35 0.26 6.16 0.874861111111111 11.89 11.79 12.19 7.58 0.727638888888889 5.73 12.37 1.40236111111111 15.83 15.69 14.07 11.83 1.06083333333333 9.51 0.640740740740741 3.85 5.24 0.695873015873016 9.58 12.9 13.2 13.98 15.85 17.23
12.01 12.58 1.04285714285714 1.18507936507937 11.03 13.62 13.51 12.46 16.14 15.93 16.6 11.3 1.31044444444444 7.77 1.40555555555556 15.12 13.24 15.59 16.83 14.52 13.84 13.39 12.03 13.97 14.69 14.58 15.14 12.11 12.21 0.14 0.533492063492064 0.829047619047619 9.98 11.87 10.11 11.05 11.24 7.32 1.17361111111111 11.19 9.64 0.637142857142857 0.396507936507936 8.1 7.05 10.32 10.73 10.11 8.32 4.21 2.71 9.2 12.97 13.52 14.99 1.47527777777778 12.59 11.81 11.18 0.850952380952381 5.2 0.543650793650794 5.67 6.7 8.73 11.64 12.99 1.49916666666667 14.34
10.92 0.34 8.35 8.59 9.65 10.71 13.98 1.58208333333333 15.71 17.82 17.61 15.42 11.97 1.28527777777778 1.40155555555556 12 14.07 1.69047619047619 16.44 14.54 13.97 1.39388888888889 11.96 1.45458333333333 15.03 15.57 15.35 15.12 0.09 2.08 3.38 8.32 9.59 10.24 11.31 1.10190476190476 9.7 7.55 10.55 10.74 9.81 -0.03 -0.13 0.27 0.03 7.33 7.14 9.28 7.5 -0.12 0.26 10.23 11.44 9.69 13.05 11.41 12.59 1.27736111111111 10.76 9.53 3.58 5.06 5.65 0.918888888888889 9.9 9.68 9.86 10.3 13.39
0.572592592592593 5.44 5.69 0.713015873015873 9.57 4.75 12.69 13.57 15.85 17.54 15.74 1.50819444444444 13.46 1.36288888888889 13.07 15.11 1.71126984126984 15.97 14.36 11.49 14.51 9.05 11.61 10.73 14.71 15.35 1.47805555555556 8.12 0.776507936507936 6.71 8.02 8.26 9.01 1.075 6.36 1.08074074074074 9.65 9.34 3.89 1.11269841269841 0.986481481481481 9.08 0.447407407407407 7.91 -0.44 0.652638888888889 5.35 6.03 -0.14 0.137962962962963 0.165079365079365 0.23 10.76 5.7 8.71 11.79 11.66 11.12 10.26 9.33 0.70015873015873 0.663650793650794 7.65 11.69 10.17 11.86 8.87 9.53 9.6
0.114259259259259 0.06 0.07 3 0.368571428571429 -0.02 0.888253968253968 1.28314814814815 1.52904761904762 16.45 11.23 14.85 8.31 1.26592592592593 14.52 15.8 17.26 17.6 16.09 13.91 11.81 1.09888888888889 1.07079365079365 11.93 12.18 13.46 13.1 10.35 1.0015873015873 6.45 9.8 13.33 12.91 10.93 7.05 1.04537037037037 14.29 14.2 11.44 14.51 9.16 0.784166666666666 0.781111111111111 7.06 10.24 10.73 6.61 6.74 0.443809523809524 0.05 -0.1 -0.15 0.265079365079365 0.578095238095238 3.82 9.28 10.46 12.52 10.46 6.55 0.22 9.84 9.81 12.17 13.23 10.57 7.97 9.46 9.65
0.35 0.21 0.02 0.02 0.19 5.71 4.79 14.47 7.92 10.53 1.33952380952381 9.59 7.86 1.12407407407407 11.14 15.26 1.75097222222222 16.59 15.65 14.23 10.2 -0.14 12.19 12.09 14.66 13.98 13.26 11.9 12.08 7.49 10.14 12.46 13.64 10.08 7.82 1.01185185185185 11.28 13.83 12.97 1.46527777777778 9.95 0.04 0.898222222222222 11.06 11.37 7.97 11.16 9.7 5.82 -0.24 -0.19 0.11 0 0.05 7.38 7.57 10.31 14.06 11.77 10.19 9.85 9.68 10.35 11.62 12.86 11.85 7.37 1.02902777777778 11.12
0.5 0.0280555555555556 -0.11 0.26 7.68 7.33 9.64 6.62 12.06 12.25 1.20685185185185 9.49 8.87 1.13462962962963 10 13.86 15.02 14.68 12.41 10.63 0.883518518518518 9.09 13.21 14.45 15.95 14.59 12.83 12.08 12.17 11.73 1.23166666666667 12.68 11.9 9.88 8.18 6.02 1.41047619047619 16.16 17 16.3 14.17 12.6 0.992407407407407 9.66 13.46 13.48 11.58 6.79 3.59 0.4325 0.2 -0.05 -0.2 0.244444444444444 0.571904761904762 7.56 11.87 13.04 12.51 14.03 12.04 10.6 12.55 9.43 11.19 1.11031746031746 10.16 6.99 11.37
0.64 0.47 -0.06 -0.04 0.476507936507936 0.938571428571429 9.51 11.07 13.07 12.29 11.02 1.10793650793651 9.97 0.943518518518518 13.43 9.86 13.29 11.25 12.25 3.7 0.719814814814815 0.789111111111111 1.0515873015873 9.3 11.26 14.43 14.89 14.78 11.81 14.43 9.16 10.59 9.46 7.5 0.96 11.17 16.15 14.25 15.43 15.63 12.65 1.29703703703704 9.48 10.75 13.31 1.45619047619048 1.33351851851852 11.99 10.87 10.72 0.37 1.76 2.58 -0.11 5.7 7.88 10.21 11.51 12.22 13.4 14.58 14.43 13.36 9.57 7.71 8.81 0.668888888888889 0.453492063492063 -0.01
0.62 0.39 0.13 0.08 7.51 7.2 10.26 10.41 1.38069444444444 13.57 12.91 9.25 8.29 0.710952380952381 0.39 0.758412698412698 9.91 11.61 12.05 12.32 2.94 0.19 10.08 9.93 13.46 14.58 15.17 15.35 14.97 14.42 11.45 4.57 12.55 7.24 9.15 9.98 14.7 1.58333333333333 15.76 12.92 12.9 8.24 0.951666666666667 1.15444444444444 11.74 13.61 14.56 1.465 11.92 13.28 3.1 3.73 -0.12 0.25 0.433518518518518 0.64 5.99 12.93 12.71 15.12 15.05 15.3 1.4568253968254 12.35 0 10.08 0.04 0.04 -0.02
0.56 1.22 0.17 -0.03 7.6 7.4 8.71 12.66 13.46 12.88 13.06 0.976031746031746 6.14 5.95 0.62 0.28 0.495555555555556 0.646296296296296 0.11 -0.04 0.04 0 6.06 1.20972222222222 14.95 15.65 16.11 17.09 16.13 1.64 14.57 12.12 12.07 1.01587301587302 9.75 9.75 9.55 14.7 13.46 13.01 7.77 8.09 6.71 8.12 12.62 15.1 1.62555555555556 15.35 14.42 13.47 1.03333333333333 3.81 0.531428571428571 0.363055555555556 0.318611111111111 9.05 8.92 11.45 1.47833333333333 14.5 15.32 15.08 1.45095238095238 11.69 9.13 8.94 -0.01 0.06 0.00736111111111111
0.29 0.0233333333333333 0.00666666666666667 -0.26 7.92 7.56 6.44 7.96 10.94 10.53 12 -0.16 0.377407407407407 0.27 0.114444444444444 0.11 0.0451851851851852 0.39 0.83 -0.08 0.0214285714285714 -0.02 6.48 11.5 14.64 14.37 15.91 15.42 15.9 15.49 15.15 12.28 8.15 0.730952380952381 5.09 9.7 11.03 1.17222222222222 1.28314814814815 12.25 0.15 9.55 9.6 9.93 10.55 12.54 14.87 16.38 15.77 12.39 11.75 12.87 11.41 1.53 0.698888888888889 1.02388888888889 12.33 12.3 13.32 14.11 14.85 13.99 11.42 11.58 9.33 0.09 0.54 0.41 0.01
-0.22 -0.29 -0.26 -0.13 0.285416666666667 6.88 0.33 10.14 10.63 11.82 8.06 8.04 0.259047619047619 0.14 0.51 0.36 0.78 0.52 0.54 0.43 1.02 0.278333333333333 6.3 1.03208333333333 12.12 13.99 15.73 14.56 15.46 13.65 1.38194444444444 8.47 8.59 0.1 2.3 0.730833333333333 6.54 0.900555555555556 8.02 7.85 1.09375 11.28 9.68 1.21791666666667 10.49 11.11 14.22 14.44 14.02 12.76 12 13.73 10.22 7.68 8.59 4.6 11.8 10.14 1.41888888888889 12.92 13.03 13.27 10.9 11.3 0.37 0.47952380952381 0.54 0 8.81
-0.22 -0.47 -0.47 -0.63 -0.41 -0.38 0.352638888888889 9.95 -0.11 -0.31 8.16 8.16 -0.04 -0.09 0.0150793650793651 0.0358730158730159 0.4 1.51 1.79 0.07 1.07 0.165740740740741 0.18 11.58 11.51 13.08 12.73 11.98 12.56 12.61 12.86 8.99 0.18 0.31 4.17 6.96 6.83 0.891333333333333 1.06844444444444 12.53 12.59 12.55 14.38 12.5 10.56 1.32412698412698 13.89 13.64 1.32285714285714 11.03 1.21666666666667 12.31 10.16 9.95 5.66 0.937638888888889 8.37 1.20422222222222 13.15 13.45 13.6 1.25031746031746 8.97 10 9.26 10.08 0.892777777777778 10.79 10.76
-0.17 -0.14 -0.36 -0.49 -0.31 -0.52 -0.42 -0.59 -0.4 0.0719444444444444 -0.36 -0.23 -0.17 -0.1 0.07 0.06 0.08 0.28 0.0584722222222222 -0.07 0.0281481481481481 0.26 0.12 9.01 1.1625 11.36 12.25 14.29 12.43 12.05 0.990833333333333 6.3 -0.07 -0.2 4.57 7.86 8.93 0.934444444444444 9.79 9.89 12.74 13.18 14.01 14.87 1.45904761904762 12.33 10.82 12.87 1.20142857142857 4.58 11.11 10.08 9.31 1.03015873015873 9.27 8.49 10.73 1.23866666666667 1.27333333333333 9.19 1.25933333333333 10.95 8.05 3.89 0.976507936507937 1.34407407407407 14.23 12.57 10.88
-0.03 -0.04 0.21 -0.2 -0.43 -0.48 -0.66 -0.79 -0.63 -0.71 -0.46 -0.5 -0.08 -0.00476190476190476 -0.06 -0.05 0.1 0.12 0.37 0.14 0.05 0.00492063492063492 0.15 9.21 8.84 9.11 10.37 12.26 9.64 9.12 9.31 0.1 -0.16 0.53 5.86 5.77 8.01 8.49 1.025 9.95 11.85 15.81 15.99 15.23 14.24 12.19 9.48 10.94 11.1 11.53 9.98 8.15 1.03301587301587 9.18 11.37 9.31 1.18238095238095 12.03 11.46 9.48 0.537592592592593 0.41962962962963 3.6 3.5 10.27 14.52 14.22 15.76 1.57611111111111
0.00476190476190476 0.05 0.1 -0.00541666666666667 0.03 -0.22 -0.49 -0.36 -0.55 -0.64 -0.59 -0.46 -0.0349206349206349 -0.1 0.14 -0.09 0.02 0.0118055555555556 0.08 0.0133333333333333 -0.01 -0.13 -0.13 -0.01 0.472380952380952 0.651904761904762 10.52 9.79 9.65 9.95 0.440972222222222 -0.21 -0.18 3.49 6.04 5.35 0.746984126984127 0.911666666666667 4.72 12.51 15.45 15.93 16.16 1.68319444444444 14.36 10.07 11.65 10.5 9.56 11.89 1.25793650793651 11.08 9.35 7.93 1.03805555555556 10.82 10.99 12.12 12.92 -0.19 -0.18 -0.22 0.46 9.06 10.26 1.43402777777778 15.19 16.61 15.97
0.14 0 -0.03 -0.07 0 -0.31 -0.18 -0.28 -0.31 -0.46 -0.5 -0.37 -0.2 -0.49 0.07 -0.4 0.01 0.06 0.09 0.02 0.22 -0.000833333333333333 -0.03 0.9 0.9 0.81 0.52 0.79 9.81 0.43 1.94 1.11 0.25 0.143472222222222 1.22 4.59 7.4 7.45 13.16 13.14 15.08 15.07 15.15 15.22 14.84 13.51 11.66 13.35 14.02 14.2 12.42 1.14761904761905 6.03 6.78 8.71 10.64 12.27 11.79 10.8 7.17 0.206666666666667 0.04 0.291111111111111 0.88 10.4 14.11 14.28 15.82 15.04
0.1 -0.02 -0.02 0.01 0.07 0.04 0.11 -0.15 -0.25 -0.24 -0.52 -0.43 -0.36 -0.43 -0.26 -0.21 -0.01625 0.01 -0.08 -0.31 0.2 -0.17 -0.01 0.27 0.41 0.5 0.09 0.09 0.19 0.47 0.31 0.0863888888888889 0.1 -0.29 -0.3 -0.1 7.16 10.84 0.66 13.6 14.19 14.78 14.19 1.68375 16.26 14.15 14.54 12.39 15.51 1.52847222222222 13.44 10.05 9.93 6.16 6.44 4.65 10.82 10.59 10.14 8.21 0.06 -0.01 0.02 10.73 12.03 12.64 1.53958333333333 14.85 13.51
0.00650793650793651 0.09 0.11 -0.07 0.11 -0.04 0.1 -0.08 0.04 -0.05 -0.23 -0.46 -0.22 -0.44 -0.49 -0.46 -0.1 -0.08 -0.0244444444444444 -0.15 0.08 -0.08 0.19 -0.08 0.35 0.37 0.06 -0.12 0.17 0.36 1.24 0.91 0.36 -0.00476190476190476 -0.00587301587301587 0.58 0.47 11.9 11.68 11.06 13.73 14.1 12.71 16.31 16.55 16.41 14.71 12.83 12.8 14.34 13.32 10.68 8.35 0.617619047619048 -0.15 3.18 11.22 0.747638888888889 10.6 8.31 0.22 0.01 12.15 11.89 13.34 12.78 13.59 12.78 12.49
0.09 0.07 0.11 0.06 0.15 -0.04 0.04 0.05 0.000972222222222222 -0.08 0.02 -0.06 -0.14 -0.45 -0.0384722222222222 -0.39 -0.5 -0.55 -0.33 -0.27 -0.0106944444444444 0.29 -0.21 -0.12 0.02 -0.12 0 -0.01 0.19 0.15 0.09 2.58 0.07 -0.15 -0.09 -0.02 0.208571428571429 0.532698412698413 0.08 10.48 11.82 12.11 13.42 1.59736111111111 15.32 13.4 12.81 12.86 13.81 1.40333333333333 11.37 9.77 8.39 -0.21 0.136481481481481 0.02 -0.2 0.33 0.33 0.25 0.568412698412698 10.63 12.8 12.9 13.65 13.39 13.28 12.35 11.58
0.03 0.04 0.07 0.07 0.00847222222222222 0.12 0.09 0.09 -0.05 0.15 0.08 -0.04 -0.00920634920634921 -0.11 -0.18 -0.25 -0.3 -0.32 -0.33 -0.2 -0.16 -0.28 -0.2 -0.01 0.14 0.02 0.14 0.37 0.27 0.26 0.21 0.48 -0.13 -0.25 0.16 0.03 -0.04 0.22 9.25 -0.06 10.43 13.12 13.07 12.76 14.87 13.76 12.47 10.99 1.27333333333333 10.14 0.858888888888889 8.25 0.693809523809524 0.351296296296296 0.11 4.42 4.6 0.47 0.19 4.74 0.912037037037037 11.65 12.6 1.44347222222222 13.97 13.62 14.19 13.7 11.69
0.04 0.05 0.09 0 0.09 0.16 0.06 0.22 0.0123611111111111 0 0.06 0.0114814814814815 0.35 -0.13 -0.05 -0.0126984126984127 -0.03 -0.28 -0.34 -0.44 -0.36 -0.35 0.02 -0.13 0.12 0 0.04 -0.17 0.0102777777777778 0.02 -0.03 -0.18 -0.09 0.09 0.00569444444444444 0.16 -0.17 0 0.136111111111111 0.01 9.88 9.42 10.6 10.47 13.84 10.21 12.23 12.42 0.674603174603175 8.54 -0.42 6.46 5.73 5.32 -0.37 0.792083333333333 9 8.57 11.77 11.93 10.05 1.26481481481481 11.83 11.76 14.42 13.18 13.2 11.5 12.02
-0.02 -0.03 0.05 -0.1 0.1 0.12 0.0138888888888889 0.12 0.16 0.2 0.13 0.0165079365079365 0.04 0.08 -0.00126984126984127 0 0.01 -0.23 -0.22 -0.24 -0.27 -0.16 0.03 -0.23 -0.16 -0.17 0 -0.06 0.05 0 0.08 -0.03 0.27 -0.07 0.17 0.12 0.62 0.16 0.06 0.16 0.304285714285714 0.593333333333333 7.53 0.834444444444444 10.29 10.82 10.6 0.28 0.28 -0.15 6.96 7.4 10.25 8.02 13.72 12.89 12.66 13.78 12.44 8.47 1.11301587301587 11.27 10.9 11.75 12.56 13.13 12.14 12.93 11.2
-0.11 -0.00972222222222222 -0.03 0.08 0.07 0.03 0.08 0.21 0.13 0.0176388888888889 0.22 0.17 0.07 -0.04 0.06 0 0.1 0.12 0.05 -0.0103174603174603 -0.27 -0.0234722222222222 -0.36 -0.5 -0.28 -0.34 -0.15 -0.2 -0.01 -0.16 0.49 0.09 0.13 -0.1 0.27 -0.15 0.3 -0.25 0.0126388888888889 -0.14 0.01 -0.17 0.11 -0.27 0.757777777777778 6.62 7.19 10.17 0.57 7.8 9.35 9.58 9.38 12.12 16.24 14.57 13.63 15.47 13.05 12.08 6.26 10.06 1.23365079365079 12.27 12.13 1.27301587301587 13.33 11.65 1.11833333333333
-0.04 -0.17 -0.35 -0.02 0.12 0.00319444444444444 0 0.2 0.15 0.04 0.24 -0.02 0.16 0.2 0.24 0.14 0.21 0.15 0.31 0.00317460317460317 -0.01 -0.33 -0.32 -0.54 -0.53 -0.18 -0.08 0 -0.04 -0.31 0.000634920634920633 0.0155555555555556 -0.06 0.08 -0.03 0.05 0.49 0.32 0.2 0.4 0.14 0.25 0.00682539682539683 0.4 7.62 12.26 12.24 12.29 5.24 0.911111111111111 8.17 9.42 14.46 1.46611111111111 16.17 16.56 15.03 14.43 14.86 1.24027777777778 8.79 11.02 10.45 1.28222222222222 1.23796296296296 4.45 12.46 1.76 1.21314814814815
