assignment2/chm2006..asc
NCOLS 218 
NROWS 156 
XLLCORNER 2515886.05 
YLLCORNER 6861171.97 
CELLSIZE 0.498256880734458 
NODATA_value -9999 
[rows 120 to 149 of 156, columns 138 to 206 of 218]
11.18 11.33 1.06861111111111 4.88 11.84 12.03 12.2 15.55 15.4 1.86027777777778 18.23 18.92 18.4 17.1 17.5 14.99 13.81 13.78 1.24365079365079 9.88 16.51 16.3 18.3 16.05 20.4 18.46 13.5 13.32 14.96 14.87 15.39 1.89430555555556 15.46 13.47 13.68 6.96 7.72 0.556507936507937 -0.11 0.01 -0.08 0.01 11.63 1.33375 14.9 15.73 17.7 16.44 15.39 11.78 12.71 1.49902777777778 14.95 12.44 13.16 12.7 10.64 10.85 11.51 11.78 10.6 0.12 -0.2 -0.14 0.19 0.02 0.633333333333333 10.82 10.33
-0.28 10.98 10.91 0.14 11.57 10.2 1.07650793650794 9.32 13.73 17.59 17.48 17.72 1.88472222222222 18 17.17 15.36 13.78 13.52 11.89 11.59 13.73 15.8 15.91 15.01 16.39 16.45 15.61 12.8 15.43 19.04 19.11 18.51 18.39 17.93 1.35458333333333 0.22 0.36 0 -0.00333333333333333 -0.05 0.0504761904761905 0.5 12.12 14.08 15.72 17.41 17.34 15.67 1.65930555555556 15.18 12.95 12.97 12.86 1.52666666666667 12.87 13.94 13.8 1.175 10.63 9.72 9.2 0.1 -0.00555555555555556 -0.3 -0.16 0.09 7.31 9.66 14.43
0.08 -0.17 10.99 0.14 -0.06 0.486666666666667 0.04 8.48 13.71 1.58365079365079 1.68539682539683 14.91 15.54 15.11 15.14 15.93 1.37527777777778 9.19 10.89 11.5 13.79 14.21 15.01 15.05 1.66444444444444 16.66 1.69981481481481 15.7 14.39 19.1 19.78 20.23 18.88 18.04 14.79 12.44 0.179444444444444 0 -0.00648148148148148 -0.03 -0.05 3.37 1.08759259259259 14.02 1.47 -0.1 16.36 14.54 14.54 15.93 14.58 1.5425 14.48 14.69 14.47 14.19 13.52 13.79 -0.14 9.47 -0.04 0.18 0.343148148148148 -0.11 0.34 0.473055555555556 7.31 13.04 1.50277777777778
0.34 2.45 -0.14 0.15 0.15 0.121333333333333 0.458888888888889 6.76 13.64 13.21 10.41 14.86 1.63638888888889 14.29 14.51 7.59 12.7 10.95 1.19194444444444 10.82 12.65 13.61 12.82 10.32 1.32388888888889 1.23861111111111 1.51425925925926 14.57 1.8384126984127 18.98 2.1 20.35 19.08 18.75 14.74 0.08 -0.04 -0.14 -0.13 0.236296296296296 -0.11 0.255740740740741 2.26 12.88 15.48 16.35 15.49 15.66 13.02 12.85 12.15 16.81 14.26 14.31 0.18 16.64 12.99 12.3 0.853055555555555 -0.19 -0.1 0.492962962962963 9.51 9.15 0.08 10.04 9.05 12.79 13.62
2.63 0.499365079365079 -0.01 0.00365079365079365 0.14 5.19 0.228333333333333 0.18 13.2 13.25 1.16333333333333 15.08 14.17 13.86 1.28285714285714 10.48 1.18597222222222 10.72 9.45 12.3 12.04 11.81 11.41 9.96 9.49 10.01 8.43 16.4 1.83018518518519 16.68 18.19 17.89 18.11 16.24 14.63 13.01 -0.21 0.491746031746032 0.661666666666667 8.79 4.29 4.05 0.568518518518519 11.57 12.71 1.53569444444444 13.23 12.1 10.33 10.32 12.35 1.76 1.62194444444444 18.48 18.78 16.88 14.15 12.53 0.64 13.02 0.691333333333333 5.63 11.44 9.99 10.13 1.07069444444444 11.09 12.12 13.55
13.75 12.66 0.12 -0.18 0.0912698412698413 0.25 -0.27 0.22 0.17 0.07 5.42 11.46 14.81 1.24925925925926 9.39 10.7 11.03 11.22 9.89 1.17291666666667 10.47 11.76 8.58 10.13 9.65 9.87 9.42 1.30425925925926 15.01 17.19 16.77 15.24 17.83 1.77920634920635 13.04 12.91 12.84 8.92 9.74 8.55 8.89 0.1 0.249206349206349 -0.16 11.65 12.68 12.98 1.45722222222222 1.314 11.69 11.98 16.18 16.82 18.16 18.84 18.67 19.3 16.43 16.5 12.75 1.07577777777778 1.274 11.91 11.51 14.26 10.8 11.64 1.49833333333333 15.87
18.63 13.14 0.873015873015873 0.11 0.29 -0.05 0.22 0.04 0.12 5.5 0.673611111111111 5.35 5.42 1.27277777777778 9.81 9.81 1.14952380952381 10.09 9.68 10.55 10.07 0.878703703703704 0.850185185185185 3.43 10.08 10.39 11.07 10.1 1.1868253968254 -0.08 14.82 16.98 16.5 15.74 1.31 -0.12 1.03236111111111 9.15 9.29 9.82 9.39 0.01 0.21 -0.08 11.33 14.31 15.36 14.69 1.64955555555556 1.57288888888889 1.61777777777778 13.87 1.88833333333333 19.38 20.8 19.78 18.21 16.24 1.52847222222222 3.74 1.29266666666667 13.27 15.08 13.76 14.42 1.5152380952381 12.82 15.02 15.77
21.03 15.19 13.96 0.26962962962963 0.00523809523809524 -0.11 0.0209722222222222 -0.26 0.09 5.32 5.53 9.85 12.15 17.15 1.46759259259259 1.17388888888889 9.76 9.81 0.646349206349206 0.17 0.26 6.31 0.612222222222222 5.7 9.21 0.862777777777778 -0.02 0 15.93 16.62 17 16.47 1.94333333333333 17.93 11.84 11.19 11.28 8.16 9.21 7.84 0.12 6.35 0.404861111111111 13.42 13.38 14.45 16.12 16.91 14.86 16.08 16.17 15.95 16.61 18.99 19.29 2.04833333333333 18.54 15.38 14.6 14.41 1.34688888888889 14 1.66833333333333 16.22 16.37 15.15 1.51285714285714 11.71 13.78
19.8 1.67569444444444 0.3 -0.13 0.03 0.19 1.44 0.04 0.185 4.86 5.99 11.01 16.33 18.64 6.52 17.32 10.17 0.36 0.06 0.0153703703703704 0.2 5.74 0.59984126984127 6.37 5.86 0.5775 0.401111111111111 -0.1 15.86 16.47 19.6 19.65 2.09481481481481 19.16 17.29 11.66 1.25097222222222 7.87 8.46 8.07 6.74 -0.02 9.24 0.02 15.61 15.6 16.69 16.13 16.06 16.24 16.25 1.75428571428571 1.90904761904762 18.9 17.12 16.68 17.06 14.95 1.63984126984127 1.50977777777778 1.508 15.19 15.87 16.73 1.75347222222222 15.86 14.95 9.8 12.24
20.8 16.28 13.29 -0.19 -0.25 0.03 1.16 -0.06 0.435555555555556 1.26755555555556 15.4 16.12 16.42 18.51 17.64 14.89 17.86 0.60625 -0.02 0.012037037037037 0.16 1.82 5.9 5.95 5.74 0.352888888888889 0.656666666666667 14.56 14.89 17.78 19.36 20.02 19.89 2.0284126984127 15.41 16.51 14.79 8.61 7.3 0.543194444444444 0.01 0.01 -0.04 10.81 1.14930555555556 15.02 15.86 15.15 14.29 16.03 14.85 14.97 15.72 19.13 17.51 1.83763888888889 15.68 15.16 14.67 14.14 10.12 1.55592592592593 1.69873015873016 15.13 15.51 15.28 13.89 8.19 10.48
16.17 14.05 -0.07 -0.05 -0.00888888888888889 -0.25 0.166507936507936 -0.07 0.544444444444444 14.83 15.96 17.04 17.35 19.05 20.85 18.54 3.16 11.86 0.2 0.05 0.0282539682539683 0.07 6.31 0.83 3.52 0.82 -0.06 14.33 15.38 17.64 2.06861111111111 19.22 19.91 18.81 17.32 15.87 9.29 8.08 8.58 -0.04 -0.01 0.0854166666666667 -0.06 -0.02 10.94 14.77 14.86 13.52 13.16 14.06 15.58 14.52 17.82 1.87416666666667 17.43 14.23 16.6 16.74 1.74380952380952 1.58603174603175 14.26 13.93 14.65 15.52 15.13 14.56 9.41 9.58 3.3
12.2 13.1 12.86 0.45 0.03 0.12 9.56 0.708148148148148 1.04185185185185 1.74861111111111 1.87523809523809 19.16 21.15 23.12 22.34 21.74 17.42 17.79 0.948253968253968 -0.34 0.11 -0.09 0.383650793650794 1.49 0.178571428571429 3.3 0.718666666666667 13.95 14.2 17.62 18.61 18.69 19.94 2.05069444444444 18.09 14.47 10.25 7.26 0.85 0.696031746031746 6.74 -0.25 -0.25 0.697962962962963 1.21888888888889 10.49 1.46430555555556 13.06 13 14.16 14.24 -0.17 15.57 16.56 15.2 14.5 1.78861111111111 17.98 17.03 14.14 15.56 16.25 1.75125 15.04 15.26 10.74 10.8 10.94 0.559047619047619
12.24 -0.12 -0.08 0.678333333333333 11.61 9.37 9.63 1.408 1.605 13.37 18.79 18.99 20.84 23.2 2.39555555555556 21.03 16.71 16.4 13.78 1.01685185185185 13.61 14.54 0.814126984126984 1.02 0.27 0.940555555555555 1.20777777777778 1.57055555555556 13.7 16.66 18.76 17.46 17.59 17.98 18.01 13.81 1.18180555555556 10.95 11.31 7.41 9.86 0.08 0.804126984126984 12.89 14.19 13.53 12.66 12.54 12.79 13.62 10.65 2.1 13.36 14.93 10.79 15.53 16.22 16.98 16.93 16.19 1.78916666666667 17.68 16.82 16.2 11.15 1.22513888888889 10.75 1.12 1.35
14.41 0.734722222222222 0.503703703703704 1.09555555555556 1.43703703703704 12.94 15.38 15.68 13.11 15.62 1.83206349206349 16.16 20.2 20.5 21.31 19.24 14.17 16.37 1.6962962962963 14.12 13.63 4.42 15.27 14.64 14.93 15.36 1.53407407407407 1.36555555555556 14.69 14.87 16.01 16.76 17.3 1.79138888888889 13.58 7.98 8.29 12.08 11.37 8.52 1.02166666666667 11.41 12.89 13.89 14.41 14.68 12.53 12.46 1.06736111111111 -0.08 0.643148148148148 1.11925925925926 13.09 12.55 13.41 1.62472222222222 15.95 17.07 14.71 14.8 15.61 18.59 1.92174603174603 1.72142857142857 14.68 13.77 1.06 0.590555555555556 5.12
1.76314814814815 1.46555555555556 1.33166666666667 13.8 14.11 15.77 1.75428571428571 1.67555555555556 12.16 1.65206349206349 16.35 16.14 16.8 18.73 20.44 16.24 15.03 16.64 14.29 1.66685185185185 13.73 16.39 15.94 17 6.01 15.35 1.54907407407407 10.71 10.06 12.37 16.06 1.51291666666667 17.04 13.7 13.78 0.723194444444444 8.35 1.01513888888889 12.45 11.46 11.3 13.52 12.12 13.81 16.22 15.33 15.31 12.73 12.74 0.05 0.539444444444445 8.39 12.85 13.89 13.68 15.4 16 17.36 17.16 15.94 16.67 17.09 17.53 17.16 14.91 14.64 1.19759259259259 1.03833333333333 12.49
15.36 13.09 9.9 11.15 14.02 16.8 16.81 17.14 15.28 15.36 16.2 1.99819444444444 19.05 17.03 17.28 19.09 18.41 1.95680555555556 17.46 1.80873015873016 16.78 16.38 15.65 1.62301587301587 15.39 15.16 14.9 12.17 10.14 1.37301587301587 12.31 0.05 13.4 13.36 -0.09 0.01 0.17 8.94 11.44 1.33055555555556 1.42888888888889 12.31 15.68 17.49 17.03 15.25 15.48 12.87 0.04 0.751111111111111 0.770277777777778 11.06 13.1 15.94 16.52 15.52 13.34 15.18 14.32 13.07 15.31 16.28 15.61 1.67597222222222 12.08 9.88 12.42 12.9 12.08
13.89 0.971428571428571 1.08984126984127 12.73 13.69 16.06 16.27 16.4 14.93 15.34 17.86 20.44 21.03 17.33 1.97857142857143 2.06460317460317 20.35 20.4 18.31 18.13 15.25 16.38 15.98 1.73981481481481 16.28 16.3 15.74 13.02 1.03285714285714 12.74 12.82 0.37 0.09 13.68 0.33 0.14 0.21 0.738148148148148 1.24488888888889 12.37 12.83 16.23 15.93 17.41 1.92625 18.1 13.74 13.71 14.21 1.03703703703704 1.15138888888889 8.23 13.98 14.67 16.05 16.02 13.48 12.13 15.38 11.94 15.91 13.83 13.74 14.61 15.03 11.29 1.11592592592593 1.31126984126984 16.16
0.08 -0.02 8.9 12.91 13.95 15.78 15.19 13.22 14.98 15.06 18.55 20.25 2.17819444444444 19.74 16.76 17.42 20.76 21.01 2.18574074074074 1.95259259259259 15.86 16.03 15.69 14.96 1.76396825396825 17.06 15.29 9.45 7.57 -0.02 0.11 0.17 0.350972222222222 0.23 0.05 0.522698412698413 7.87 11.23 1.32177777777778 12.04 1.55796296296296 1.74174603174603 16.79 18.24 18.43 16.74 15.15 1.65619047619048 1.5887037037037 13.75 1.20407407407407 8.41 13.97 14.4 15.42 13.29 13.88 1.19944444444444 1.36037037037037 12.2 13.29 12.82 12.04 13.71 12.17 1.13933333333333 0.09 13.68 15.28
0.02 0.18 13.43 13.09 1.4875 13.6 15.11 13.4 12.13 17.43 17.24 20.09 19.3 18.65 16.51 1.99152777777778 19.66 20.29 19.89 1.92066666666667 18 1.76097222222222 15.49 15.37 16.63 14.53 14.05 13.48 0.946825396825397 0.49 0.173809523809524 0.47 9.73 0.53 0.658703703703704 11.53 12.8 11.48 12.36 1.47833333333333 15.58 15.08 17.29 16.59 1.92174603174603 1.87634920634921 17.55 15.92 14.06 14.14 10.93 9.56 4.98 14.06 12.58 11.89 1.23 8.67 1.31444444444444 13.14 12.98 1.45555555555556 12.79 13.2 12.69 0.718888888888889 0.951851851851852 1.18592592592593 12.01
15.62 16.31 1.50180555555556 13.02 13.81 10.94 11.71 9.18 9.89 16.33 13.24 14.39 1.87902777777778 17.73 16.95 17.65 17.68 18.44 1.96555555555556 17.3 15.38 15.88 14.46 14.4 14.41 1.59587301587302 14.59 14.18 14.5 0.311296296296296 0.7 9.03 12.38 11 1.10666666666667 12.23 12.94 13.57 13.36 11.64 14.85 1.61555555555556 14.44 17.15 17.55 16.37 16.42 1.57722222222222 10.95 10.71 0.946507936507937 4.66 0.736388888888889 11.84 12 1.26 8.16 13.31 1.28203703703704 1.60166666666667 14.99 13.19 12.7 1.14 0.93 0.750833333333333 0.722777777777778 11.93 11.05
2.00619047619048 19.71 17.77 14.62 15.48 12.77 0.02 8.76 1.20462962962963 13.11 14.39 14.04 15.19 15.9 14.74 18.12 15.55 13.87 16.35 1.51444444444444 16.57 1.23206349206349 1.43396825396825 15.23 13.27 13.06 0.776111111111111 -0.05 0.22 0.18 0.72 9.24 12.67 11.4 1.31968253968254 13.07 12.85 13.85 14.28 10.83 10.56 14.99 13.53 17.76 1.7 13.49 13.73 13.91 11.02 10.35 0.448571428571429 -0.72 4.24 4.4 4.15 2.52 0.701388888888889 4.07 14.2 15.84 15.34 13.76 13.2 1.27 12.33 1.08 0.298888888888889 0.434444444444444 0.2
18.76 19.91 20.62 18.7 1.76555555555556 14.76 1.18462962962963 0.812222222222222 0.823333333333333 7.78 7.99 -0.09 15.4 11.84 9.06 11.71 16.57 13.11 16.13 0.777301587301587 0.05 0.2 15.08 15.09 13.01 1.38111111111111 0.02 0.11 0.306444444444444 0.0414814814814815 0.709555555555555 11.89 12.5 10.56 12.53 12.35 1.35583333333333 12.54 11.75 10.48 13.81 7.87 13.03 13.12 13.19 13.77 1.33888888888889 9.98 2.21 -0.2 -0.86 4.32 0.444285714285714 4.62 4.67 2.54 3.74 14.9 14.72 16.48 17.76 17.06 13.47 15.41 1.07 0.34 -0.01 0.11 0.18
20.96 22.89 21.43 20.4 15.88 14.51 13.15 0.968518518518518 0.211111111111111 -0.01 12.36 -0.08 10.46 -0.03 0.19 12.51 0.06 11.21 -0.07 -0.21 0.15 0.244761904761905 0.983809523809524 14.66 14.68 15.47 17.5 13.33 1.10888888888889 1.10666666666667 1.23851851851852 9.9 10.29 12.74 10.16 8.29 12.13 12.54 12.26 -0.34 14.93 14.18 13.98 13.36 1.03333333333333 9.91 0.887777777777778 9.56 0.607460317460317 4.26 5.18 0.520476190476191 5.74 5.39 1.55 4.18 13.18 1.48222222222222 17.08 17.46 17.98 15.92 15.53 12.52 0.56 0.12 0.0116666666666667 0.236111111111111 0.06
21.73 23.73 23.05 19.06 16.4 0 13.04 0.713148148148148 -0.04 -0.13 0.355694444444444 0.01 0.05 0.06 0 0.178194444444444 -0.07 -0.28 -0.17 -0.12 0.09 -0.07 -0.08 17.1 14.55 1.89571428571429 1.89460317460317 16.54 8.27 11.65 1.30592592592593 1.26694444444444 11.71 11.48 8.59 0.95037037037037 1.00422222222222 12.3 13.16 12.4 -0.33 0.726111111111111 8.59 0.51 10.26 0.28 9.84 2.59 0.747777777777778 9.87 4.9 7.24 6.27 6.13 0.81015873015873 13.82 13.16 14.14 15.8 16.67 17.26 16.46 15.35 15.56 0.86 0.11 0.453333333333333 -0.04 12.45
2.23527777777778 21.02 21.08 19.88 19.08 16.77 12.44 0.01 -0.09 13.37 0.02 0.07 0.00333333333333333 -0.02 -0.06 0.15 0.05 0.23 0.03 -0.39 0 0.04 1.08571428571429 16.74 18.89 18.87 19.47 18.18 12.47 1.3887037037037 1.33711111111111 13.71 1.25611111111111 9.94 12.22 0.988703703703704 -0.07 0.824814814814815 12.93 -0.21 -0.38 0.49 0.82 10.8 10.87 3.21 0.8 3.46 7.32 10.05 9.58 0.84015873015873 0.831587301587302 6.85 1.01 13.12 14.2 14.42 1.5 16.69 16.65 16.86 13.73 12.73 13.93 16.13 1.03288888888889 1.20222222222222 1.27203703703704
19.41 19.42 20.3 1.97638888888889 15.43 1.69936507936508 13.23 15.38 15.08 1.05888888888889 -0.09 -0.02 0.263888888888889 0.06 -0.15 -0.07 0.1 -0.03 0.344444444444444 0.640925925925926 0.575555555555555 0.802222222222222 15.71 18.96 19.63 20.04 2.16746031746032 1.97285714285714 17.07 14.57 10.96 9.28 1.28904761904762 11.71 12.28 13.93 6.44 0.512 -0.22 0.345555555555556 2.72 0.54 0.08 0.34875 3.04 3.08 0.293650793650794 3.23 0.582380952380952 7.03 6.72 9.44 8.78 7.68 6.94 0.894126984126984 11.86 14.02 14.53 13.68 15.96 14.9 14.93 13.53 13.84 13.56 1.81388888888889 16.72 14.15
1.74861111111111 17.53 18.92 12.94 14.67 15.44 1.58740740740741 1.7247619047619 16.25 16.41 15.29 14.14 0.02 -0.00444444444444444 0.1 0.16 -0.05 0.02 8.72 13.12 13.13 1.62044444444444 1.86311111111111 2.03412698412698 20.08 20.34 20.14 19.51 17.45 1.7131746031746 1.62111111111111 17.46 9.41 9.7 14.33 11.05 1.32555555555556 0.730555555555556 3.96 3.14 2.94 0.6 0.19 -0.95 0.26 0.26031746031746 3.76 0.96 0.362888888888889 4.64 9.14 9.17 0.953809523809524 0.868888888888889 6.82 1.58 1.81 15.07 1.55 13.13 13.36 13.19 13.42 13.44 0.37 17.4 17.77 16.37 14.32
11.36 14.34 17.74 1.50111111111111 8.32 10.05 15.29 16.33 17.1 16.41 1.61180555555556 9.42 -0.11 -0.11 -0.09 0.05 0.05 -0.17 9.49 13.24 13.26 14.77 16.05 18.35 19.37 19.16 2.03190476190476 2.00611111111111 15.68 15.54 16.66 17.66 15.77 1.68861111111111 15.95 14.75 14.75 10.66 3.86 3.36 0.448253968253968 2.29 0.0920833333333333 -0.81 -0.55 3.31 3.5 0.47 0.302777777777778 0.531555555555556 -0.57 8.32 8.53 8.17 0.714888888888889 1.3 0.388095238095238 1.75 1.45 0.660833333333333 13.25 0.906031746031746 0.79 13.16 16.4 17 1.90968253968254 1.83 15.6
11.8 0.07 9.22 12.76 0.955740740740741 12.58 14.59 1.74833333333333 16.51 15.83 14.72 13.83 9.36 0.12875 -0.08 0.01 11.91 1.03111111111111 16.34 17.18 14.98 17.79 1.56569444444444 9.29 1.65407407407407 13.31 18.11 17.44 1.58037037037037 14.71 1.76347222222222 18.66 20.22 19.21 16.99 11.16 1.45925925925926 1.08 4.06 12.99 0.916666666666667 2.92 2.59 -0.2 0.0617460317460317 -0.21 -0.17 -0.43 3.76 6.95 0.911111111111111 1.01240740740741 8.98 1.34777777777778 14.3 0.952888888888889 1.71 1.23 1.53 1.62 1.69 1.38 0.976111111111111 12.81 14.06 16.45 17.99 17.33 15.91
-0.16 -0.09 9.43 0.500634920634921 -0.09 7.99 14.43 15.29 16.34 15.22 1.41166666666667 8.88 0.07 0.22 0.01 -0.19 0.711333333333333 12.14 15.2 15.75 17.57 12.68 13.96 9.84 1.05555555555556 1.23916666666667 13.09 1.39296296296296 15.49 6.48 18.07 19.19 19.52 17.39 17.94 15.55 1.47916666666667 11.93 13.06 12.84 15.1 0.881269841269841 2.4 0.09 0.0337037037037037 2.26 1.68 0.26 5.54 11.64 1.38222222222222 14.66 14.75 15.35 14.83 10.74 0.513703703703704 0.585925925925926 0.412888888888889 0.762592592592592 10.28 1.07507936507937 9.92 14.65 13.85 16.04 15.63 1.71486111111111 12.74
