assignment2/chm2006..asc
NCOLS 218 
NROWS 156 
XLLCORNER 2515886.05 
YLLCORNER 6861171.97 
CELLSIZE 0.498256880734458 
NODATA_value -9999 
[rows 120 to 149 of 156, columns 0 to 68 of 218]
11.77 8.19 13.43 1.43412698412698 10.52 7.89 10.76 17.4 18.59 20.05 20.59 16.97 13.19 12.51 10.6 12.49 0.805555555555555 -0.05 -0.44 0.751111111111111 8.61 11.6 10.39 11.69 1.39527777777778 18.03 2.10944444444444 21.09 21.17 22.84 21.21 19.32 18.33 11.56 0.08 0.0315873015873016 0.06 0.74 0.0194444444444444 0.26 12.17 15.56 1.43142857142857 2.04603174603175 22.78 24.18 23.18 21.86 2.27587301587302 1.93777777777778 15.57 16.32 15.08 1.77833333333333 14.37 15.99 18.06 18.37 18.43 18.4 1.285 1.17111111111111 1.52222222222222 19.53 18.71 18.99 1.92111111111111 17.06 16.65
12.57 14.97 17.33 17.59 13.63 16.02 14.26 14.33 17.83 20.14 20.27 17.47 17.22 14.42 12.58 13.7 0.11 8.03 4.6 3.82 8.38 0.614285714285714 -0.13 0.28 7.75 17.43 17.49 17.62 19.25 19.18 19.74 14.45 12.45 0.21 0.33 0.71 0.33 0.0318518518518518 0.06 -0.08 0.393333333333333 0.13 14.66 16.4 22.26 23.45 23.47 26 22.14 17.08 16 1.66380952380952 13.21 13.46 1.5262962962963 18.64 16.2 2.01365079365079 2.04349206349206 15.56 16.86 17.41 17.94 2.13809523809524 19.16 19.23 18.69 18.8 1.69388888888889
13.73 15.07 12.76 17.35 15.81 19.03 15.2 14.51 16.29 18.27 14.3 15.71 15.71 16.09 18.6 17.42 7.33 12.62 0.12 0.318148148148148 0.274222222222222 -0.12 -0.03 0.19 7.69 15.65 17.53 1.82666666666667 18.38 16.99 15.44 17.06 14.45 0.13 -0.05 0.79 0.3 0.23 0.0104444444444444 0.08 0.01 0.19 18.44 19.29 2.29569444444444 23.91 25.86 26.06 22.01 16.96 19.28 1.56507936507937 9.36 10.89 9.07 1.70611111111111 16.63 20.11 19.06 18.81 16.91 1.95597222222222 19.34 19.41 20.61 19.78 2.09349206349206 2.01944444444444 17.33
18.42 18.24 20.46 20.87 20.28 2.08708333333333 18.89 13.41 11.32 16.69 13.98 14.98 18.36 2.05347222222222 20.79 20.01 15.77 1.27634920634921 0.802592592592593 0.18 0.08 -0.00711111111111111 -0.14 0.110416666666667 0.03 0.1 11.95 15.41 13.89 15.3 9.04 10.12 10.33 10.1 13.79 0.1 0.806507936507937 0.864722222222222 0.3675 0.18 0.00841269841269841 -0.05 15.94 19.82 19.09 21.07 22.93 21.84 21.23 17.71 19.33 13.12 8.3 8.49 1.23746031746032 13.14 18.45 18.74 19.8 18.34 17.66 16.85 17.86 18.59 -0.15 18.61 18.31 18.47 17.45
18.56 2.11597222222222 20.68 21.93 22.29 21.26 17.51 1.89952380952381 19.61 17.03 1.91041666666667 19.95 18.56 18.65 21.09 19.86 14.11 15.75 14.71 -0.04 0.0116666666666667 0.00488888888888889 -0.11 0.42 -0.1 0.41 0.4 11.36 11.27 9.12 8.99 6.82 0.14 1.43763888888889 17.65 18.79 17.86 12.74 1.25472222222222 0.459444444444444 0.13 -0.01 10.21 18.93 21.47 20.59 22.42 2.25958333333333 18.52 18.76 17.88 9.87 8.83 2.3 14.79 19.28 17.71 20.1 20.04 18.19 17.18 2.25 18.8 19.27 19.84 19.22 18.42 1.90069444444444 17.25
13.63 20.85 21.51 23.01 23.31 21.34 2.19603174603175 19.58 19.35 19.11 17.31 18.5 20.79 21.43 22.18 21.03 15.92 18.82 15.44 0.02 0.28 0.11 0.00650793650793651 -0.23 0.17 0.25 0.21047619047619 0.56 0.58 0.671805555555555 -0.07 1.00291666666667 16.84 16.94 17.72 19.4 2.01888888888889 16.3 15.95 0.748888888888889 0.28 0.532539682539683 12.87 17.68 15.64 20.44 18.03 19.61 18.11 1.65402777777778 9.41 0.969206349206349 6.71 0.3 1.41 14.87 17.71 16.89 19.32 17.35 1.16920634920635 2.46 15.63 16.61 19.28 17.76 15.76 15.01 16.18
13.85 13.96 21.52 22.14 22.26 19.63 20.04 18.99 21.21 22.22 21.35 18.33 21.83 21.55 22.36 21.14 19.23 18.88 11.94 0.663194444444444 0.21 0.01 0.18 0.03 -0.15 0.01 0.27 0.0322222222222222 -0.03 8.54 9.97 14.46 15.06 17.51 2.13097222222222 22.17 20.2 17.9 10.6 1.03462962962963 0.569777777777778 10.14 -0.07 19.29 16.74 9.52 12.31 17.97 15.53 12.35 8.53 0.46968253968254 -0.17 1.37 1.11 0.554444444444444 1.30269841269841 16.33 18.69 0.911428571428572 1.34 14.89 0.02 14.85 14.54 16.66 1.76111111111111 15.25 1.81
13.63 18.11 19.84 18.68 20.69 18.16 18.84 17.13 21.89 23.09 22.31 20.52 21.34 19.96 21.17 17.4 15.85 11.29 10.6 8.99 0.27 0.08 0.26 0.27 -0.18 0 0.29 0.36 0 6.07 10.92 1.26513888888889 12.28 19.55 19.65 20.49 20.06 18.64 13.75 8.97 6.32 -0.07 -0.12 0.680952380952381 7.23 -0.2 12.58 11.82 -0.2 0.15 2.53 3 -0.42 0.0236111111111111 -0.18 0.12 -0.11 16.26 0.6 0.27 -0.15 0.457083333333333 0 14.39 14.77 1.79407407407407 15.75 14.76 15.94
-9999 13.96 15.49 18.84 16.74 16.14 18.68 18.74 21.67 23.21 22.3 20.82 18.05 17.54 18.98 17.12 18.28 12.89 9.26 0.4075 0.12 0.05 0.17 -0.01 -0.11 0.06 0.03 0.13 0.04 0.2 6.31 10.59 11.5 19.8 2.12097222222222 19.68 19.29 16.99 13.09 0.04 0.03 0.3 0.00555555555555555 0.03 -0.2 0.418472222222222 10.78 0.17 -0.05 -0.02 0.13 0.113472222222222 -0.1 0.04 0.05 0.2 0.258730158730159 -0.11 0.18 0.189523809523809 -0.01 0.04 16.78 16.58 1.73240740740741 15.76 19.4 18.04 19.39
16.83 20.41 15.13 1.61486111111111 10.29 15.22 16.1 15.9 19.04 21.28 20.14 19.42 19.52 16.22 1.78888888888889 14.3 13.82 13.76 0.26 -0.16 0 -0.13 0.31 0.36 0.24 -0.02 -0.38 -0.13 -0.11 9.01 9.16 11.37 16.18 16.64 16.96 19.94 18.01 15.5 12.12 0.08 0.02 0.0116666666666667 0.11 -0.00296296296296296 -0.18 0.21 -0.09 -0.01 -0.06 0.16 0.44 2.59 0 -0.24 -0.01 0.13968253968254 -0.01 -0.05 11.17 0.682037037037037 -0.12 0.95952380952381 16.86 1.78388888888889 16.96 15.09 18.92 2.13902777777778 19.7
20.95 20.25 19.05 9.43 11.3 1.40805555555556 11.86 18.97 17.73 20.13 20 17.62 1.78222222222222 13.63 16.09 14.92 0.02 -0.15 0.1 0.0053968253968254 -0.03 0.04 0.09 0.07 0.35 0.1 0.01 -0.13 -0.01 -0.04 5.46 5.18 14.82 16.52 16.74 19.07 18.39 1.84486111111111 16.03 11.3 0.1 0.07 0.00740740740740741 0.13 -0.05 -0.00841269841269841 -0.07 0.41 -0.05 -0.09 2.79 0.0804166666666667 0.2 0.11 0.09 -0.05 8.53 1.09625 11.05 1.22203703703704 14.56 1.3362962962963 12.34 16.81 1.88619047619048 18.95 18.63 21.75 18.18
21.04 19.77 17.14 16.73 16.82 7.7 12.09 1.58333333333333 15.55 18.92 18.36 17.61 13.44 10.86 1.52333333333333 14.7 -0.04 0.01 0.08 0.09 0.170185185185185 0.1 -0.03 0.06 0.27 0.01125 -0.05 -0.02 -0.35 -0.13 0.01 0.21 0.26 17.39 18.7 20.22 18.67 18.16 15.95 0.844583333333333 0.03 -0.01 -0.01 0.11 -0.22 -0.13 0.00185185185185185 0.09 0.45 0.25 -0.21 -0.05 0.03 0.11 0.368095238095238 1.01190476190476 16.67 16.43 15.14 1.61190476190476 14.19 1.49650793650794 14.33 15.6 16.64 18.78 19.91 2.22361111111111 19.87
20.42 20.08 18.51 16.47 1.40472222222222 11.83 15.55 7.3 14.95 14.89 9.84 16.32 13.76 15.77 10 0.847619047619048 0.14 -0.02 -0.02 0 8.99 0.333148148148148 0.04 0.0104166666666667 0.03 0.05 0.05 -0.14 -0.26 -0.47 0.08 8.33 13.95 19.24 19.04 20.65 19.61 14.28 17.37 0.02 0.01 0.06 12.19 1.18347222222222 14.94 -0.02 -0.18 0.322962962962963 0.23 0.21 0.0127777777777778 0.1 -0.24 0.32 10.57 12.04 15.9 16.41 19.1 14.53 12.98 11.89 13.99 14.07 1.86055555555556 17.06 20.88 21 19.88
18.68 16.71 15.38 8.04 12.55 11 12.54 1.20388888888889 9.43 8.26 0.06 17.43 17.67 16.19 16.82 11.5 0.28 6.14 0.04 13.57 8.84 0.712592592592593 0.05 0.01 0.32 0 0.00714285714285714 0.02 -0.23 -0.17 -0.16 0.05 14.64 0.25 17.75 19.32 18.8 18.25 16.91 0.02 -0.07 0.11 17.03 21.08 20.09 20.9 17.23 1.06537037037037 -0.38 0.17 0.32 0.13 0.199365079365079 -0.17 10.11 1.6731746031746 18.63 20.15 17.32 20.15 16.1 15.94 16.69 16.63 17.66 17.52 17.47 17.41 17.19
18.43 18.23 15.56 15.79 15.01 17.23 15.84 11.05 0.02 0.11 11.22 19.41 19.02 19.03 17.39 11.4 12.21 14.83 15.87 16.08 13.32 7.24 0.591111111111111 0.07 0.22 0.4 0.07 0.368412698412698 0.12 0.03 0.356984126984127 0.714814814814815 8.79 17.27 16.78 17.97 1.83190476190476 11.91 1.13650793650794 0.97047619047619 18.2 18.64 1.95277777777778 22.09 21.94 20.63 21.1 19.53 0.303174603174603 -0.13 0 0.00777777777777778 0.04 12.38 17.96 20.2 2.23460317460317 20.52 20.7 20.57 18.76 17.14 13.65 6.3 13.18 1.70833333333333 17.04 17.15 17.56
13.83 8.5 1.70472222222222 17.29 18.3 17.56 16.48 1.34907407407407 0.739814814814815 0.07 15.88 17.64 19.69 18.86 17.32 16.88 12.36 1.6725 15.42 16.81 10.17 15.15 -0.01 14.73 0.63 0.636507936507937 8.38 8.3 6.55 7.46 7.74 7.54 1.03888888888889 -0.02 12.3 1.54259259259259 14.48 14.68 -0.05 9.88 16.25 17.9 20.94 22.81 23.41 2.51396825396825 2.03714285714286 0.1 -0.01 -0.18 -0.0062962962962963 -0.05 -0.02 15.3 15.61 20.56 18.71 22.01 20.85 20.61 18.54 17.62 17.81 12.42 12.78 12.88 14.47 14.53 17.11
13.73 13.36 16.5 17.51 1.94819444444444 18.25 16.08 13.38 1.30759259259259 15.32 17.4 17.91 18.36 17.17 14.23 12.93 15.33 16.63 17.77 17.95 17.76 15.19 14.96 1.01412698412698 9.08 9.52 12.43 8.57 9.13 14.16 9.51 10.8 0.643968253968254 11.72 11 10.77 1.08444444444444 9.91 12.38 15.15 15.82 16.18 18.67 2.46430555555556 24.78 24.01 22.51 20.46 1.06240740740741 0.511388888888889 -0.07 0.09 0.687460317460317 13.67 16.33 1.99833333333333 20.23 21.03 22.13 21.35 20.5 19.45 14.93 1.39079365079365 13.09 0.24 14.96 16.47 17.91
8.1 10.6 15.98 17.04 16.72 17.6 17.47 13.32 14.23 14.29 1.78222222222222 1.8352380952381 15.71 13.57 14.26 14.6 16.61 16.5 17.43 19.19 18.6 16.88 16.42 0.06 8.65 9.51 14.72 14.07 16.29 14.14 15.37 10.8 0.08 -0.35 -0.18 0.26 7.16 11.06 15.31 13.32 18.38 17.19 20.14 23.31 23.37 23.29 16.72 18.33 18.67 1.33611111111111 0.871666666666667 0.862037037037037 -0.16 14.48 14.08 19.14 19.22 21.07 20.81 2.26902777777778 18.46 17.82 16.21 1.07648148148148 0.38 9.59 1.41428571428571 17.23 19.66
7.65 8.39 14.68 16.06 16.32 16.38 16.7 15.66 13.35 15.48 15.53 16.35 14.36 13.44 12.72 -0.1 16.26 16.12 19.12 18.99 18.27 15.52 14.25 7.77 8.54 15.23 15.26 15.4 16.3 14.83 14.91 11.38 0.03 -0.34 -0.38 0.24 0.87031746031746 1.54444444444444 18.14 18.04 19.48 20.61 17.67 21.64 22.05 19.63 19.45 18.46 15.46 1.79759259259259 14.04 17.32 15.33 1.29571428571429 9.49 15.45 20.16 1.86986111111111 19.84 20.66 19.62 18.26 12.92 0.666222222222222 0.6 0.645238095238095 15.38 15.23 17.49
9.03 10.43 11.1 9.96 12.81 14.94 16.28 14.6 13.24 12.8 15.41 16.15 15.64 13.19 13.25 14.83 16.05 16.53 1.87013888888889 17.02 17.78 15.84 16.08 1.15083333333333 8.18 15.65 15.82 17.39 17.62 16.05 16.25 11.46 12.08 7.06 -0.18 8.3 13.94 13.87 17.82 19.78 20.54 20.84 18.97 2.12861111111111 20.92 18.23 17.99 18.17 13.75 16.84 18.31 1.86375 12.24 16.17 1.56777777777778 17.42 15.9 17.65 -0.02 18.69 15.92 14.92 1.05288888888889 0.326 -0.13 -0.22 15.05 13.07 17.39
8.21 9.14 10.92 10.66 16.18 17.36 16.87 1.64458333333333 12.83 13.97 14.97 15.66 15.2 13.54 13.38 14.03 14.65 13.95 16.15 16.77 14.93 1.36527777777778 8.88 13.17 5.99 11.96 16.47 17.59 17.71 16.84 15.77 14.7 11.48 -0.09 0.424285714285714 11.3 13.32 1.62930555555556 14.93 18.98 20.55 2.16333333333333 18.81 17.96 15.24 17.5 17.96 15.86 1.9584126984127 19.42 18.72 18.66 19.57 16.94 11.2 12.1 12.56 12.26 14.9 13.7 14.35 0.745873015873016 0.85 0.43 0.555185185185185 6.04 1.26031746031746 13.85 17.45
9.29 9.46 1.09555555555556 7.41 14.78 1.75138888888889 16.01 15.51 13.07 12.99 15.01 13.83 13.94 13.62 1.22240740740741 5.18 10.42 15.2 1.51708333333333 13.24 14.7 5.46 4.63 9.2 11.35 14.16 16.07 16.21 16.82 17.09 14.74 14.68 0.868888888888889 0.03 0.31 0.707962962962963 12.89 13.05 17.49 17.9 19.97 19.46 16.62 16.09 1.74380952380952 1.73888888888889 17.28 1.92936507936508 19.4 19.94 20.69 20.12 19.54 15.51 15.27 1.29805555555556 11.99 0.831111111111111 0.03 0.08 0.16 0.21 0.58 0.389365079365079 10.07 13.79 1.53518518518518 17.82 18.82
9.49 9.6 8.51 13.18 12.79 16.87 15.24 15.16 17.55 16.49 13.44 13.82 14.35 6.26 1.17074074074074 0.97462962962963 6.7 13.79 13.6 6.53 13.25 4.15 5.72 10.72 1.56305555555556 18.21 14.51 14.78 15.32 15.55 14.56 13.69 0.541111111111111 0.25 0.5 0.533703703703704 -0.09 13.15 12.78 15.73 18.02 14.56 18.28 16 14.23 12.84 14.5 18.64 17.91 20.94 21.51 21.48 20.96 18.02 18.95 11.28 0.11 0.51 0.0136507936507936 0.21 0.09 0.08 0.51 0.32 11.77 15.76 15.64 2.05777777777778 2.27507936507936
9.13 9.25 1.22597222222222 12.1 11.22 16.88 18.18 19.04 19.58 18.98 1.695 10.37 10.46 7.76 14.98 15.42 -0.07 0.965238095238095 0.23 0.14 -0.02 3.92 4.41 12.06 18.18 18.66 19.1 14.93 15.54 18.53 -0.23 0.15 0.42 0.598518518518518 14.72 0.49 0.996666666666666 8.99 14.01 10.35 15.53 1.51666666666667 14.51 12.2 11.21 13.36 13.88 18.04 19.4 21.15 21.86 20.76 20.02 18.52 13.22 12.41 -0.06 0.05 0.01 -0.03 0.00984126984126984 -0.01 0.11 0.05 7.66 1.53388888888889 17.78 18.83 22.23
10.79 10.83 12.32 12.48 16.54 16.6 18.43 18.84 20.35 20.34 18.57 10.03 10.05 12.18 15.65 17.74 17.35 9.21 0.821777777777778 0.263703703703704 -0.01 0.479444444444444 14.65 14.68 15.57 21.39 22.19 22.24 20.81 13.71 10.05 0.774920634920635 0.761481481481482 -0.03 16.46 14.52 12.46 13.27 11.65 -0.56 7.94 9.36 11 11.06 0.669583333333333 0.13 0.02 14.67 16.27 19.36 19.64 20.61 19.49 16.7 14.53 0.03 0.169305555555556 0.06 0.14 0.00396825396825397 0.19 0.09 0.01 0.16 11.73 15.1 15 19.87 21.93
10.88 11.78 12.24 12.11 11.9 16.24 19.21 19.68 19.87 19.81 14.44 18.64 11.52 14.88 19.26 19.96 19.5 13.53 13.87 0.656444444444444 0.03 0.23 11.31 18.06 21.61 21.61 23.05 22.17 21.1 17.09 14.06 12.02 12.35 16.21 18.21 18.43 1.845 16.88 1.50027777777778 15.83 9.81 8.85 10.55 0.1 0.01 0.14 0.17 15.95 1.79185185185185 1.94730158730159 18.43 19.65 1.74680555555556 16.56 15.9 -0.12 -0.1 -0.08 0.03 0.01 -0.1 -0.08 0.06 0.02 0.662698412698413 1.40111111111111 17.56 19.7 21.37
11.08 11.47 11.65 12.25 10.8 15.47 16.13 18.82 19.35 18.32 18.53 18.55 16.85 15.29 19.36 21.36 19.17 13.94 15.59 0.812962962962963 0.06 8.36 11.4 12.15 16.9 19.51 24.4 23.64 22.93 19.78 15.83 12.48 1.52861111111111 16.56 1.99291666666667 20.12 19.42 17.74 18.27 14.94 0.08 0.53962962962963 -0.02 0.23 0.00571428571428571 0.0101587301587302 0.26 0.866825396825397 14.09 16.42 18.47 18.31 14.46 -0.01 11.65 -0.16 -0.05 -0.11 -0.06 -0.09 -0.02 0.04 0.00319444444444444 0.1 0.06 14.58 14.24 17.65 19.24
-9999 10.45 10.34 12.23 14.44 15.44 16.48 19.35 18.58 18.21 18.31 12.02 16.94 16.72 18.86 18.3 19.03 17.4 14.44 0.983333333333333 -0.09 8.12 11.25 11.63 20.63 21.03 24.05 24.16 19.45 18.88 19.28 12.97 10.78 16.69 18.43 18.84 19.11 12.34 12.97 11.72 0.637460317460317 -0.13 -0.00714285714285714 -0.07 -0.07 0.02 0.11 12.03 12 1.80472222222222 19.33 16.66 18.77 12.16 11.73 0.4875 -0.02 0.03 0.91 -0.12 -0.00793650793650794 -0.07 0.05 0.11 -0.02 12.75 6.39 18.54 15.59
13.07 17.66 16.09 17.84 17.77 14.08 14.78 14.74 1.67472222222222 14.39 13.2 14.06 11.82 14.11 17.64 18.25 16.34 1.63638888888889 11.63 11.47 0.933555555555555 10.14 12.96 11.51 20.43 21.99 22.79 22.34 19.36 19.25 18.6 1.61047619047619 11.17 15.11 18.65 18.75 18.46 18.72 1.37347222222222 13.1 0.41 0.04 -0.1 -0.4 -0.05 0.142083333333333 0.1 10.65 13.03 17.09 19.51 20.91 19.24 12.81 11.98 0 -0.03 0.0104166666666667 -0.03 0.0120634920634921 -0.03 -0.21 -0.22 -0.02 -0.03 0.694861111111111 -0.06 10.42 15.9
12.73 17.01 18.48 18.93 18.15 15.44 14.82 11.73 12.45 11.13 14.11 14.22 12.31 10.36 16.34 14.36 15.55 11.54 11.89 12.37 1.34962962962963 1.10111111111111 10.69 12.85 19.93 21.61 17.41 15.7 19.29 15.01 16.05 1.56511111111111 12.61 12.44 16.35 1.80333333333333 17.91 8.49 14.99 6.56 0.417083333333333 0.15 0.06 -0.0193055555555556 -0.34 -0.01 10.47 14.54 14.72 16.94 2.20861111111111 22.29 19.98 17 8.1 0.471527777777778 -0.14 -0.05 0.08 0.01 -0.06 -0.12 -0.04 0.177592592592593 9.9 10.42 10.68 0.96125 0.03
