assignment3/chm2010.asc
NCOLS 211 
NROWS 144 
XLLCORNER 2515888.33 
YLLCORNER 6861174.83 
CELLSIZE 0.497677725117424 
NODATA_value -3.4e+38 
[rows 21 to 41 of 144, columns 0 to 46 of 211]
-3.4e+38 16.7955555555556 16.9377777777778 16.6226455026455 15.3566666666667 12.8122222222222 8.41846560846561 4.05259259259259 1.41029629629630 0.512148148148148 0.678814814814815 0.946666666666667 3.22 5.46333333333333 7.12222222222222 9.13680555555556 10.97125 13.22125 13.1551388888889 12.74625 9.76291666666667 7.184 4.44098412698413 3.63098412698413 3.29126984126984 8.0131746031746 9.52650793650794 12.5977777777778 13.4111111111111 17.7655555555556 19.6744444444444 15.0588888888889 12.6622222222222 6.45 4.69444444444444 0.593611111111111 0.644722222222222 0.395833333333333 0.336349206349206 0.563492063492063 1.03015873015873 2.09825396825397 2.40888888888889 2.63277777777778 1.82944444444444 1.94388888888889 2.69888888888889
0.08 12.2897916666667 14.6713095238095 16.6407010582011 16.1485714285714 14.5952380952381 10.0644444444444 5.09592592592593 0.731037037037037 0.106222222222222 0.235851851851852 0.365185185185185 2.02638888888889 4.82638888888889 7.7275 11.0690277777778 11.2434722222222 13.3779166666667 13.3788888888889 14.3744444444444 9.93333333333333 5.9902962962963 2.32283597883598 2.30728042328042 2.79126984126984 8.59095238095238 12.2831746031746 17.3333333333333 15.8877777777778 18.4644444444444 18.3133333333333 17.4477777777778 13.855 7.71055555555556 4.21277777777778 1.21361111111111 1.1125 0.681388888888889 0.477777777777778 0.71 1.81666666666667 3.24333333333333 3.60777777777778 3.35555555555556 2.33777777777778 2.06 3.29777777777778
4.155 8.07783333333333 12.1148958333333 15.2210185185185 16.1357142857143 12.8123809523810 8.17238095238095 3.68259259259259 0.766592592592593 0.207333333333333 0.361566137566138 0.484232804232804 2.11988095238095 5.3575 8.14861111111111 12.2088888888889 12.9266666666667 15.6266666666667 15.4588888888889 15.6722222222222 11.4 6.23325925925926 1.94492592592593 0.793074074074074 2.90698941798942 9.23754497354497 15.3293968253968 19.4833333333333 18.2133333333333 18.9411111111111 18.9833333333333 19.8611111111111 15.9194444444444 9.355 3.94833333333333 1.29138888888889 1.24805555555556 0.694722222222222 0.452222222222222 2.06 4.48 6.94888888888889 5.74222222222222 4.21777777777778 2.28333333333333 2.69 4.66333333333333
6.46666666666667 8.33541666666667 10.9869444444444 14.1702777777778 13.5657142857143 9.37904761904762 4.0468253968254 1.23888888888889 0.0616666666666667 0.201296296296296 0.365899470899471 0.496455026455026 1.59807539682540 6.15902777777778 10.6656944444444 15.4233333333333 14.1155555555556 15.0944444444444 14.665 14.6383333333333 9.68944444444444 4.40703703703704 1.09092592592593 0.570185185185185 3.05848148148148 9.18237037037037 15.442 19.2455555555556 17.8511111111111 18.3144444444444 18.6655555555556 20.1711111111111 16.3405555555556 9.67388888888889 3.99833333333333 1.24555555555556 1.18 0.598888888888889 0.437916666666667 1.86791666666667 4.91902777777778 7.38666666666667 6.14666666666667 3.66222222222222 2.73 4.36 6.76
10.1277777777778 10.6088888888889 12.4170370370370 14.1579629629630 12.5196772486772 7.20856613756614 2.09171428571429 0.00962962962962963 0.0430740740740741 0.268629629629630 0.616936507936508 0.723492063492064 1.15613095238095 5.17375 9.49263888888889 14.3877777777778 15.3444444444444 16.8744444444444 16.3883333333333 14.655 10.0792222222222 5.09318518518519 1.62374074074074 0.297666666666667 3.87314814814815 9.7237037037037 15.8888888888889 18.6455555555556 19.2622222222222 19.54 19.76 19.4055555555556 14.9244444444444 8.34444444444444 2.49333333333333 0.58 0.5925 0.260277777777778 0.264861111111111 1.54125 3.76791666666667 5.30888888888889 4.06555555555556 2.14777777777778 2.50916666666667 5.90138888888889 9.35138888888889
11.6377777777778 11.3505555555556 13.1637037037037 14.1601851851852 12.2670740740741 7.56596296296296 2.668 0.966481481481481 0.107703703703704 0.242148148148148 0.402333333333333 0.509583333333333 0.98 3.99277777777778 8.71763888888889 13.2883333333333 14.8733333333333 15.7344444444444 14.8345833333333 13.6756944444444 8.68547222222222 4.50022222222222 0.903555555555556 0.191740740740741 3.12970370370370 8.8697037037037 14.7895185185185 18.0488888888889 17.8966666666667 17.8533333333333 17.6 15.9422222222222 12.3736111111111 6.46694444444444 2.84583333333333 0.84 0.781388888888889 0.3825 0.217083333333333 0.171944444444444 1.07527777777778 1.34625 1.43666666666667 0.572222222222222 1.89583333333333 4.5625 9.19694444444444
12.7466666666667 12.7533333333333 14.7311111111111 15.7184391534392 15.2008835978836 9.84532804232804 5.26688888888889 1.73259259259259 0.848814814814815 0.49437037037037 0.500666666666667 0.57625 0.29625 1.98125 5.005 9.09388888888889 12.3722222222222 12.9888888888889 12.5840277777778 10.25625 7.50269444444444 3.88466666666667 1.12466666666667 0.235074074074074 1.94059259259259 5.70725925925926 9.60374074074074 13.44 13.2044444444444 14.74 14.49 12.9077777777778 7.7125 2.4125 0.762916666666667 1.08819444444444 1.13125 0.759722222222222 0.134166666666667 0.0151388888888889 0.01625 0.22625 0.284444444444444 0.31 0.881111111111111 3.08666666666667 8.29888888888889
16.1866666666667 15.3016666666667 16.8433333333333 17.1204761904762 17.2402539682540 12.6591428571429 7.63866666666667 2.94037037037037 0.898148148148148 0.458518518518518 0.233703703703704 0.252175925925926 0.0518055555555556 0.596805555555556 2.09166666666667 4.67055555555556 7.38555555555556 7.95833333333333 7.58569444444444 5.63680555555556 3.72625 1.71111111111111 0.631111111111111 0.742407407407407 1.24322751322751 2.96211640211640 4.59415343915344 7.45666666666667 7.09222222222222 10.3144444444444 10.1433333333333 8.64555555555556 3.74805555555556 0.409166666666667 0.712916666666667 1.07375 1.12208333333333 0.745 0.119444444444444 0.0151388888888889 0.0143055555555556 0.0943055555555555 0.170277777777778 0.212222222222222 0.899722222222222 2.3375 7.41861111111111
18.7388888888889 20.0611111111111 20.1474074074074 19.9271428571429 18.9104761904762 13.3293650793651 8.30074074074074 2.30925925925926 1.14037037037037 0.363333333333333 0.255925925925926 0.228148148148148 0.0155555555555556 -0.0111111111111111 1.65777777777778 2.63 4.25666666666667 2.93722222222222 3.035 1.37722222222222 1.24 0.348888888888889 0.886666666666667 1.16095238095238 1.21825396825397 0.821587301587302 0.435079365079365 1.71444444444444 1.69222222222222 5.04 5.24111111111111 5.24888888888889 1.81333333333333 0.141111111111111 0.197083333333333 0.535972222222222 0.62875 0.525 0.208333333333333 0.102222222222222 0.164722222222222 0.1825 0.189166666666667 0.154444444444444 1.17305555555556 3.2575 7.75902777777778
20.3755555555556 20.3961111111111 20.3513756613757 19.2806349206349 18.3217460317460 13.5622222222222 8.35462962962963 2.51518518518519 0.548888888888889 0.055 0.0466666666666667 0.357777777777778 0.328148148148148 1.77259259259259 4.80333333333333 7.00777777777778 7.11555555555556 4.07611111111111 1.86708333333333 0.265972222222222 -0.123472222222222 0.23 0.996666666666667 1.74761904761905 1.63269841269841 0.968253968253968 0.356190476190476 0.313333333333333 0.322222222222222 1.95555555555556 1.80777777777778 1.76555555555556 0.0466666666666667 0.0722222222222222 0.104444444444444 0.188888888888889 0.228888888888889 0.231111111111111 0.201111111111111 0.189861111111111 0.252361111111111 0.236805555555556 0.168055555555556 0.0977777777777778 1.17222222222222 2.52888888888889 6.74930555555556
17.3488888888889 18.3377777777778 18.154708994709 17.6861904761905 16.5895238095238 12.9331111111111 8.97685185185185 3.62074074074074 1.73911111111111 0.98574074074074 0.982962962962963 0.93962962962963 2.45481481481482 6.08148148148148 11.4911111111111 13.3711111111111 13.6366666666667 7.85555555555556 3.82319444444444 -0.09125 -0.149027777777778 0.145370370370370 0.699814814814815 1.26423941798942 1.15109126984127 0.68109126984127 0.273333333333333 0.297777777777778 0.305 0.251666666666667 0.108333333333333 0.05 0.0711111111111111 0.0988888888888889 0.156666666666667 0.201111111111111 0.287777777777778 0.297777777777778 0.316666666666667 0.323194444444444 0.36875 0.26875 0.380138888888889 0.28125 0.897916666666667 1.27444444444444 3.93930555555556
12.5611111111111 12.4322222222222 12.8586243386243 12.9749206349206 13.5986243386243 13.0312592592593 11.3909259259259 8.01981481481481 5.65707407407407 4.33666666666667 3.19824074074074 2.89583333333333 5.64101851851852 11.5390740740741 16.77 19.1811111111111 18.8166666666667 13.9155555555556 7.95986111111111 2.17541666666667 0.426305555555556 0.131148148148148 0.372259259259259 0.70262037037037 0.41125 0.248055555555556 0.0723611111111111 0.253472222222222 0.270555555555556 0.205 0.0994444444444444 0.0333333333333333 0.0555555555555556 0.0733333333333333 0.143333333333333 0.26 0.388888888888889 0.540833333333333 0.494166666666667 1.75402777777778 2.91763888888889 3.84319444444444 3.69347222222222 2.31125 1.60902777777778 0.364444444444444 2.14587301587302
6.06444444444444 6.05888888888889 6.6057671957672 8.9420634920635 10.7946560846561 13.3201481481481 13.3325925925926 12.6637037037037 10.7628148148148 8.64592592592593 5.65638888888889 4.95287037037037 8.59175925925926 15.5231481481481 20.4855555555556 21.43 19.8066666666667 16.4155555555556 10.1244444444444 4.58577777777778 0.478888888888889 -0.0164074074074074 0.0257777777777778 0.255027777777778 0.325879629629630 0.404722222222222 0.33125 0.260138888888889 0.235 0.151666666666667 0.148333333333333 0.121111111111111 0.143333333333333 0.122222222222222 0.0955555555555556 0.24 0.448888888888889 0.781944444444444 1.5175 3.5275 6.42666666666667 8.42555555555556 9.32902777777778 7.59013888888889 6.26347222222222 3.27 2.24031746031746
1.91333333333333 0.875 2.12317460317460 5.86984126984127 10.2935449735450 12.3637037037037 13.3959259259259 14.1163425925926 15.2252314814815 12.3863425925926 8.30194444444444 7.53731481481482 10.9706481481481 17.4409259259259 20.9911111111111 22.2755555555556 20.4888888888889 18.1033333333333 11.3577777777778 5.63720634920635 0.49031746031746 -0.0373862433862434 0.237814814814815 0.489148148148148 0.57462962962963 0.383472222222222 0.210138888888889 0.156805555555556 0.198888888888889 0.195555555555556 0.153333333333333 0.0755555555555556 0.0666666666666667 0.08 0.0777777777777778 0.308888888888889 0.503333333333333 1.38718253968254 3.69607142857143 7.51051587301587 11.7411111111111 14.0855555555556 14.9644444444444 13.3866666666667 11.5088888888889 8.44777777777778 5.7797619047619
1.86888888888889 0.859444444444444 2.64740740740741 5.38 10.1544444444444 12.0011111111111 14.4911111111111 15.48375 16.98375 14.5483796296296 10.9268518518519 10.3342592592593 12.9774074074074 18.0539153439153 20.6698412698413 21.7042857142857 20.4488888888889 17.5635185185185 10.4490740740741 4.4740582010582 -0.149460317460317 -0.0709417989417989 0.315555555555556 0.689047619047619 0.791640211640212 0.48015873015873 0.184444444444444 0.101111111111111 0.163333333333333 0.218888888888889 0.18 0.138888888888889 0.157777777777778 0.146666666666667 0.0988888888888889 0.191111111111111 0.611428571428571 1.37444444444444 4.82555555555556 8.9663492063492 14.0433333333333 16.3988888888889 17.8555555555556 17.3066666666667 15.8555555555556 13.3274074074074 10.3690740740741
5.90666666666667 5.91333333333333 8.01 9.51888888888889 13.4533333333333 13.4466666666667 15.9522222222222 15.8981944444444 17.6748611111111 15.5072685185185 13.1712962962963 12.3220370370370 14.4274074074074 17.5528042328042 19.1976190476190 19.2442857142857 18.3844444444444 15.0624074074074 9.53574074074074 3.67939153439153 0.374285714285714 -0.0494179894179894 0.266005291005291 0.409973544973545 0.413677248677249 0.145714285714286 -0.0111111111111111 0.0388888888888889 0.121111111111111 0.2 0.147777777777778 0.146666666666667 0.176666666666667 0.195555555555556 0.152222222222222 0.294444444444444 0.726984126984127 2.92444444444444 7.26111111111111 12.5007936507936 16.2744444444444 17.98 18.5988888888889 18.4555555555556 17.0166666666667 15.8381481481481 14.0942592592593
13.7375 12.9714285714286 13.5555555555556 13.4426984126984 15.2438095238095 15.7893650793651 17.9913888888889 18.1736111111111 18.0269444444444 16.4124074074074 14.7324074074074 13.6370370370370 14.0426851851852 14.9491931216931 14.2801190476190 14.2865079365079 13.5377777777778 12.8468518518519 9.52796296296296 5.43418518518518 2.29574603174603 0.980190476190476 0.691931216931217 0.418121693121693 0.185899470899471 0.111269841269841 0.0555555555555556 0.0766666666666667 0.125694444444444 0.186805555555556 0.189027777777778 0.268888888888889 0.314444444444444 0.277777777777778 0.176666666666667 0.223333333333333 1.01571428571429 2.64238095238095 6.95460317460318 11.8733333333333 16.2706944444444 18.1284722222222 18.7895833333333 18.6833333333333 17.5622222222222 16.4229629629630 16.0418518518519
17.298 17.645 17.6427777777778 18.0688095238095 17.9576984126984 17.9104761904762 18.0080555555556 18.0625 17.9336111111111 16.5766666666667 15.1433333333333 13.0883333333333 12.4286111111111 11.6941666666667 10.8102777777778 10.7122222222222 10.4288888888889 10.8722222222222 9.40809523809524 6.56098412698413 3.7671746031746 1.85130158730159 1.12285714285714 0.513809523809524 0.0615873015873016 0.0393650793650794 0.0288888888888889 0.0455555555555556 0.140138888888889 0.18125 0.169027777777778 0.23 0.261111111111111 0.257777777777778 0.182222222222222 0.302222222222222 1.25021164021164 3.7057671957672 8.06132275132275 12.6766666666667 15.8584722222222 17.50625 18.1640277777778 18.4111111111111 17.6444444444444 16.7738888888889 16.5733333333333
18.625 18.5392592592593 18.4787037037037 18.2791798941799 18.1376984126984 17.8726984126984 17.7847222222222 17.8447222222222 15.9191666666667 14.9544444444444 12.0922222222222 11.0122222222222 9.20516666666667 8.96961111111111 8.5585 7.88222222222222 8.40555555555556 9.29 9.1347619047619 6.79098412698413 4.30876190476191 2.49955555555556 1.35777777777778 0.55047619047619 0.114761904761905 0.123650793650794 0.072063492063492 0.0288888888888889 0.0734722222222222 0.110138888888889 0.14125 0.175555555555556 0.186666666666667 0.197777777777778 0.764920634920635 1.74029100529101 4.26050264550265 4.51113756613757 6.25354497354497 8.87444444444444 13.0351388888889 16.11625 16.6318055555556 17.1811111111111 16.5274074074074 16.2938888888889 16.3655555555556
18.635 18.5792592592593 18.4564814814815 18.3398148148148 18.6216666666667 18.5811111111111 18.4622222222222 16.0922222222222 13.8144444444444 12.6333333333333 10.8166666666667 8.62944444444445 6.54388888888889 7.40611111111111 9.48888888888889 8.85777777777778 8.08444444444445 6.99388888888889 6.38150793650794 5.08928571428571 3.40428571428571 2.13333333333333 1.04111111111111 0.230476190476190 0.0947619047619048 0.118095238095238 0.0842857142857143 0.0155555555555556 0.0411111111111111 0.0625396825396825 0.0980952380952381 0.395873015873016 0.89 2.04333333333333 3.63492063492063 5.81140211640212 7.97621693121693 7.94907407407407 7.9737037037037 8.98444444444444 12.0955555555556 15.0555555555556 16.1388888888889 16.2955555555556 15.1696296296296 15.0919312169312 15.4880423280423
18.5155555555556 18.4979629629630 18.5468518518519 18.8109259259259 19.4677777777778 19.2811111111111 19.0077777777778 15.9866666666667 11.8122222222222 9.57537037037037 6.43092592592593 5.8537037037037 4.82722222222222 6.97833333333333 9.25333333333333 8.36666666666667 7.61833333333333 5.53444444444444 4.21285714285714 2.85896825396825 1.99396825396825 1.36333333333333 0.647777777777778 0.101111111111111 0.167619047619048 0.230952380952381 0.165396825396825 0.136666666666667 0.04 0.157724867724868 0.332169312169312 0.945502645502646 2.46 4.78 7.75228174603175 10.756541005291 12.9854298941799 12.1120370370370 10.71 10.1040277777778 12.6518055555556 15.0418055555556 16.1822222222222 16.2911111111111 15.2374074074074 15.1758201058201 15.3202645502646
