assignment3/chm2010.asc
NCOLS 211 
NROWS 144 
XLLCORNER 2515888.33 
YLLCORNER 6861174.83 
CELLSIZE 0.497677725117424 
NODATA_value -3.4e+38 
[rows 105 to 125 of 144, columns 94 to 140 of 211]
4.10236111111111 3.00015873015873 4.91793650793651 7.21460317460317 11.4106349206349 13.3839682539683 13.8538095238095 13.6668253968254 11.2879365079365 11.9247619047619 13.0111111111111 17.3944444444444 17.6266666666667 17.5855555555556 16.9211111111111 16.30125 15.03125 15.2479166666667 14.0977777777778 12.6253333333333 11.0934444444444 11.679 13.2392222222222 14.9666666666667 15.5188888888889 16.68 15.9533333333333 16.1822222222222 12.9009722222222 11.7143055555556 10.1500462962963 12.0446296296296 12.5168518518519 11.1990476190476 12.5457142857143 14.8988253968254 19.4008888888889 20.3175555555556 20.0966666666667 19.4644444444444 19.2588888888889 19.6822222222222 20.2733333333333 20.7444444444444 17.1137777777778 14.6799259259259 13.7710370370370
8.42013888888889 8.79190476190476 8.74746031746032 11.2763492063492 14.9522222222222 19.0833333333333 17.6098412698413 15.9857142857143 11.6246031746032 11.8636507936508 13.0822222222222 17.0866666666667 17.3511111111111 17.4377777777778 17.0833333333333 17.2490277777778 16.4879166666667 16.9834722222222 14.2814285714286 11.1234285714286 8.3957619047619 9.26411111111111 9.86544444444444 11.3508888888889 10.2777777777778 12.82 11.0944444444444 12.6288888888889 10.7711111111111 13.2455555555556 13.5066666666667 15.6233333333333 15.3722222222222 14.7168253968254 15.1852380952381 16.7830158730159 19.8639682539683 20.6933333333333 20.3533333333333 19.1033333333333 18.8822222222222 19.2355555555556 20.2088888888889 20.1533333333333 18.446 16.3721481481481 15.3188148148148
12.5666666666667 15.3774603174603 15.3696825396825 15.4396825396825 16.7266666666667 18.7922222222222 17.6322222222222 16.3247619047619 13.7569841269841 14.5214285714286 15.7466666666667 17.96 17.6344444444444 17.6522222222222 17.2266666666667 18.1288888888889 18.17 18.9144444444444 14.7280952380952 10.8486507936508 7.85409523809524 9.30244444444445 9.198 8.53811111111111 6.57690476190476 8.1552380952381 7.38968253968254 9.74222222222222 10.3333333333333 14.6033333333333 15.7988888888889 18.0111111111111 17.7177777777778 16.4255555555556 15.3717460317460 16.2517460317460 19.2628571428571 20.4044444444444 19.73 18.4344444444444 17.6911111111111 18.0088888888889 18.5588888888889 18.5833333333333 17.1266666666667 15.9696402116402 15.5343624338624
16.9166666666667 19.1395238095238 17.2817460317460 17.3350793650794 16.9477777777778 18.7922222222222 17.8211111111111 17.3735555555556 16.7313333333333 17.4913333333333 18.3577777777778 18.88 18.7666666666667 18.7977777777778 18.8711111111111 19.3588888888889 19.5188888888889 19.85 17.8892063492063 14.3653174603175 11.4624285714286 10.6944285714286 9.7377619047619 7.1417619047619 4.56690476190476 6.03634920634921 6.62079365079365 9.94111111111111 12.8977777777778 17.9811111111111 20.1465277777778 20.5420833333333 19.5876388888889 18.0302777777778 16.2564682539683 16.7820238095238 18.2017460317460 18.96 18.128 17.0599444444444 16.9246111111111 17.2332777777778 17.6268888888889 17.05 16.0188888888889 14.9614920634921 15.2448253968254
17.3655555555556 20.1833333333333 20.2644444444444 19.9855555555556 18.7088888888889 16.1833333333333 14.5606666666667 14.5948888888889 16.356 18.1608888888889 18.8522222222222 19.2777777777778 16.7866666666667 16.8866666666667 17.0366666666667 19.9588888888889 20.5722222222222 20.6466666666667 19.2744444444444 15.7583333333333 13.3705555555556 11.8930952380952 11.5164285714286 8.1560582010582 5.84208994708995 5.62875661375661 6.86468253968254 10.5116666666667 14.0122222222222 19.1011111111111 20.8176388888889 21.56875 20.5876388888889 18.5069444444444 16.3625 15.7563888888889 16.6283333333333 16.8698888888889 16.2484444444444 15.4056666666667 15.0672222222222 15.1181111111111 15.0153333333333 14.8377777777778 14.2233333333333 13.8295238095238 14.4039682539683
18.4726388888889 19.5626388888889 19.8966666666667 19.7655555555556 16.4677777777778 11.8788888888889 9.06159259259259 10.8658148148148 14.6269259259259 17.4031111111111 17.5533333333333 18.2133333333333 16.1166666666667 16.7277777777778 16.8788888888889 19.65 20.44 19.9666666666667 19.0388888888889 14.7988888888889 12.9511111111111 10.4669841269841 11.3969841269841 8.69550264550264 6.81185185185185 5.95351851851852 7.86833333333333 11.3616666666667 14.7222222222222 18.2266666666667 20.1231944444444 20.7509722222222 19.47875 16.2213888888889 13.5439814814815 11.2423148148148 11.6884259259259 11.9307222222222 13.1448333333333 13.4145555555556 13.7738888888889 13.637 13.8197777777778 13.5633333333333 13.3533333333333 13.1282539682540 13.0682539682540
16.55375 17.2415277777778 19.3677777777778 16.9666666666667 12.0366666666667 5.58777777777778 3.06937037037037 4.80225925925926 10.4267037037037 14.4087222222222 16.2058333333333 16.1795833333333 14.6670833333333 15.3570833333333 16.0211111111111 18.9933333333333 19.6611111111111 19.38 17.4966666666667 14.0466666666667 12.2777777777778 10.6777777777778 10.9988888888889 9.15962962962963 7.34407407407407 5.79462962962963 6.13388888888889 8.99436507936508 12.7182539682540 16.5904761904762 18.6277777777778 18.3488888888889 17.35 14.6311111111111 12.0708148148148 8.0035925925926 6.44553703703704 6.59383333333333 8.8392037037037 10.6447592592593 12.1718703703704 12.8937222222222 13.3695555555556 13.0522222222222 12.93 12.4660317460317 11.8682539682540
12.5026388888889 12.4270833333333 16.49 15.8377777777778 11.1666666666667 7.21555555555556 4.04203703703704 3.99425925925926 6.46092592592593 10.5702777777778 12.2625 11.0684722222222 12.06375 14.2013888888889 15.95875 16.3498611111111 16.5077777777778 16.7733333333333 15.0311111111111 12.4 10.9544444444444 10.3344444444444 10.59 8.77333333333333 6.73425925925926 5.14514814814815 6.00603703703704 7.16892063492064 10.6724761904762 13.6093650793651 16.7877777777778 16.0511111111111 14.3561111111111 10.6127777777778 7.76637037037037 3.42414814814815 1.95942592592593 1.78227777777778 3.94875925925926 7.30903703703704 10.3148148148148 12.6811111111111 12.7377777777778 12.0144444444444 11.7566666666667 11.5666666666667 11.19
13.4655555555556 12.6977777777778 16.2277777777778 15.9688888888889 13.37 11.2211111111111 7.28 4.53296296296296 4.1510582010582 6.7835582010582 8.46805555555556 6.26482142857143 8.35676587301587 10.8502777777778 13.90875 14.0820833333333 14.0477777777778 14.65 13.7568518518519 12.9346296296296 11.8312962962963 12.0677777777778 11.9033333333333 9.38777777777778 6.10537037037037 4.56737037037037 5.9227037037037 7.65336507936508 9.94247619047619 12.4449206349206 14.6622222222222 13.8311111111111 11.3327777777778 8.415 5.41377777777778 2.59155555555556 0.684888888888889 0.242555555555556 2.31792592592593 6.0757037037037 9.9725925925926 11.8677777777778 11.4311111111111 10.6388888888889 10.9177777777778 11.2977777777778 11.6211111111111
15.9177777777778 15.1944444444444 16.7788888888889 18.7822222222222 18.2944444444444 18.5911111111111 14.1366666666667 11.3151851851852 7.16550264550265 6.59772486772487 4.34592592592593 3.14671957671958 5.94560846560847 9.42319444444444 12.2820833333333 12.3343055555556 12.1655555555556 12.3922222222222 12.3170740740741 12.7112962962963 12.7801851851852 13.5697777777778 13.5633333333333 11.6277777777778 7.94914814814815 6.31911111111111 7.77222222222222 9.86196296296296 11.6975555555556 12.9411111111111 14.0488888888889 13.3688888888889 9.20722222222222 5.00611111111111 1.41425925925926 0.402037037037037 0.306481481481481 1.16166666666667 2.99027777777778 6.75916666666667 9.47916666666667 10.11 8.56541666666667 6.64097222222222 8.07541666666667 9.96777777777778 12.16
20.2688888888889 20.2088888888889 20.2355555555556 20.8055555555556 20.4455555555556 20.5966666666667 18.2122222222222 15.2262962962963 10.0743915343915 6.10550264550265 3.60659259259259 2.92738624338624 6.16183068783069 9.04666666666667 11.9811111111111 12.23 12.3144444444444 11.7355555555556 11.5890740740741 12.5321851851852 13.9799629629630 15.3386666666667 15.9888888888889 14.1819047619048 9.5623492063492 7.62253439153439 9.3672962962963 13.8801851851852 15.3544444444444 15.4866666666667 14.7066666666667 13.5666666666667 9.88444444444444 5.43444444444444 1.42018518518519 -0.0317592592592593 -0.00842592592592593 1.18027777777778 3.02361111111111 5.4925 6.91583333333333 5.99111111111111 4.82763888888889 3.28875 4.87652777777778 7.54111111111111 10.9422222222222
20.7205555555556 20.9183333333333 21.5972222222222 22.3066666666667 22.4844444444444 22.8533333333333 22.6588888888889 18.6477777777778 12.9492063492063 7.08772486772487 4.41542857142857 4.21244444444444 6.4717037037037 8.36288888888889 10.5811111111111 10.9566666666667 12.0644444444444 10.2277777777778 9.58269841269841 11.1358095238095 14.4702539682540 16.8308888888889 17.5533333333333 16.4541269841270 12.6434603174603 10.7222169312169 11.6836455026455 15.4998677248677 17.2144444444444 17.4266666666667 16.5022222222222 14.8844444444444 11.5922222222222 7.32555555555556 3.11935185185185 1.01585185185185 0.410296296296296 1.60761111111111 2.17472222222222 3.72027777777778 4.2125 3.19333333333333 2.01986111111111 0.312083333333333 1.83680555555556 5.38583333333333 9.84138888888889
20.5120370370370 21.3064814814815 22.6561111111111 23.6911111111111 23.6277777777778 22.8977777777778 22.6955555555556 18.05 13.7625396825397 8.90439153439153 7.50728042328042 6.21503703703704 6.77318518518519 7.58537566137566 10.3017460317460 11.0250793650794 12.1766666666667 10.1766666666667 8.1435873015873 8.24469841269841 11.6024761904762 15.5988888888889 18.1755555555556 17.0319047619048 14.0519047619048 12.5322222222222 13.5192063492063 16.4703174603175 17.8455555555556 18.0611111111111 17.31 15.92 13.9388888888889 9.28111111111111 4.61287037037037 1.07381481481481 2.38159259259259 4.15205555555556 6.05444444444444 6.42666666666667 6.41111111111111 4.02222222222222 1.74 -0.0533333333333333 0.621388888888889 3.0625 7.46027777777778
19.8787037037037 20.4031481481481 22.1694444444444 20.9244444444444 21.3255555555556 20.32 21.9244444444444 18.0444444444444 14.5536507936508 11.2943915343915 10.6010582010582 10.4610370370370 8.58918518518519 7.85648677248677 9.30730158730159 12.0039682539683 13.9188888888889 12.3888888888889 10.4049206349206 9.89047619047619 12.2793650793651 15.4633333333333 17.9566666666667 17.1644444444444 15.56 14.3458730158730 14.9336507936508 14.6125396825397 15.6255555555556 15.8466666666667 16.94 15.5477777777778 12.2777777777778 9.47111111111111 6.6125 6.12872222222222 7.6465 10.074 12.4544444444444 12.2944444444444 11.83 7.31777777777778 3.65518518518519 0.0225925925925926 0.746203703703704 2.46990740740741 5.45138888888889
18.8929100529101 19.8129100529101 21.7258730158730 20.38 20.5066666666667 19.2711111111111 20.4688888888889 18.0633333333333 15.7555555555556 14.0633333333333 13.6722222222222 14.0262962962963 11.4196296296296 10.9435978835979 11.5584126984127 14.8717460317460 15.8811111111111 16.0522222222222 14.6944444444444 13.2165079365079 13.2194708994709 14.8772486772487 17.0329629629630 16.7011111111111 15.6688888888889 14.9995238095238 14.9806349206349 13.5382539682540 14.1942857142857 14.3065079365079 16.0155555555556 13.2833333333333 9.41444444444444 6.13666666666667 7 9.38111111111111 13.97 16.6644444444444 19.4266666666667 18.8811111111111 17.5111111111111 10.9244444444444 5.22962962962963 0.106148148148148 0.472814814814815 0.88337037037037 2.61440740740741
18.3992063492063 18.9769841269841 20.0169841269841 18.1366666666667 18.0966666666667 17.8222222222222 18.9877777777778 15.5355555555556 13.8055555555556 13.4422222222222 15.9011111111111 16.66 14.2711111111111 13.6029166666667 13.64625 16.9818055555556 18.37 18.8444444444444 18.1766666666667 16.9965079365079 16.030582010582 15.7718783068783 16.2153703703704 16.1512962962963 15.4622222222222 14.9411111111111 14.3992592592593 10.8668783068783 11.0124338624339 11.1020634920635 13.1366666666667 9.29 4.55888888888889 3.82555555555556 8.51111111111111 14.3322222222222 18.7644444444444 20.1566666666667 21.5922222222222 21.0722222222222 18.3044444444444 11.0611111111111 4.67777777777778 0.0976296296296296 0.220962962962963 0.586703703703704 1.50218518518519
17.2342063492063 18.015873015873 17.865873015873 18.0777777777778 17.7570833333333 18.0326388888889 16.2867129629630 14.0285185185185 13.7451851851852 14.8366666666667 17.27 17.7711111111111 17.19 17.0718055555556 17.02625 18.2940277777778 19.1377777777778 19.7688888888889 19.3966666666667 17.6442857142857 15.9262962962963 15.4420370370370 16.1099735449735 16.3112962962963 16.2411111111111 15.3777777777778 14.5770370370370 11.4988783068783 11.3296190476190 11.2670264550265 11.3539351851852 6.75541666666667 2.43319444444444 1.65 8.28444444444444 14.8211111111111 20.77 21.7755555555556 22.89 22.9866666666667 19.9433333333333 12.4844444444444 4.82992592592593 0.259037037037037 0.146656084656085 0.114693121693122 1.22119312169312
15.2985185185185 15.8479629629630 15.08 15.6311111111111 15.5404166666667 14.69375 12.5922685185185 10.6051851851852 12.7018518518519 15.1888888888889 18.3088888888889 18.6044444444444 18.2516666666667 17.8445833333333 18.0645833333333 18.9584722222222 20.0766666666667 20.4755555555556 19.2466666666667 16.7066666666667 15.0412698412698 15.1058994708995 16.2992328042328 16.9790740740741 17.2 16.4888888888889 15.1581481481481 12.1957037037037 11.3508888888889 11.4627407407407 10.7972685185185 7.89875 4.2300462962963 5.24685185185185 9.98462962962963 15.7188888888889 19.9488888888889 21.74 22.8277777777778 23.3022222222222 18.2055555555556 11.2724074074074 3.52855555555556 0.997444444444444 0.309322751322751 0.102433862433862 1.48493386243386
13.9251851851852 14.3879629629630 13.6366666666667 14.4611111111111 14.6359722222222 12.9228240740741 9.48689814814815 9.36092592592593 12.3607407407407 15.9088888888889 17.1888888888889 17.7144444444444 17.9205555555556 17.735 17.7383333333333 18.0088888888889 18.8873611111111 19.3540277777778 18.9606944444444 16.8936111111111 15.5004365079365 15.4359920634921 16.7746031746032 17.2888888888889 17.1877777777778 16.23 15.3233333333333 14.2318412698413 13.9514708994709 14.2914708994709 13.4617129629630 11.5898611111111 8.92026851851852 9.19218518518518 12.3588518518519 16.834 19.6411111111111 20.9444444444444 21.1844444444444 21.8677777777778 17.9355555555556 11.5046296296296 4.13818518518519 1.33929629629630 0.656730158730159 0.968822751322751 2.53132275132275
14.2857407407407 15.1501851851852 15.2733333333333 15.6722222222222 15.41 12.4186296296296 7.85974074074074 7.20862962962963 10.7655555555556 15.2088888888889 16.3877777777778 16.75 16.7916666666667 16.1805555555556 15.9564814814815 16.3303703703704 17.1577314814815 17.32625 16.3284722222222 14.7247222222222 14.1125 14.5613888888889 16.0903174603175 16.6825396825397 16.6203174603175 16.0177777777778 15.3822222222222 14.8887301587302 15.3487301587302 16.1042857142857 16.2588888888889 15.5077777777778 13.8170740740741 13.8090370370370 14.0890370370370 15.9819629629630 17.2966666666667 18.8644444444444 18.8877777777778 19.1611111111111 15.4444444444444 9.96796296296296 3.52196296296296 2.35640740740741 2.86844444444444 4.00675925925926 5.24694444444444
16.3066666666667 17.7077777777778 18.2222222222222 17.9888888888889 16.7088888888889 14.0504814814815 8.9435925925926 8.01248148148148 8.38977777777778 11.8585185185185 12.8116296296296 14.3316296296296 14.7208888888889 14.1016666666667 14.1607407407407 14.1140740740741 14.8064351851852 14.6873611111111 14.4129166666667 13.3119444444444 11.7119444444444 11.6195370370370 13.3045767195767 15.3290211640212 15.8214285714286 14.9144444444444 14.6166666666667 14.8698412698413 16.4687301587302 17.5909523809524 18.1255555555556 17.3388888888889 16.0146666666667 15.7432962962963 15.8810740740741 16.9119629629630 17.5433333333333 18.1655555555556 17.5822222222222 17.3511111111111 14.04 10.03 5.61222222222222 5.72333333333333 6.94666666666667 8.17861111111111 8.71546296296296
