assignment3/chm2010.asc
NCOLS 211 
NROWS 144 
XLLCORNER 2515888.33 
YLLCORNER 6861174.83 
CELLSIZE 0.497677725117424 
NODATA_value -3.4e+38 
[rows 63 to 83 of 144, columns 141 to 187 of 211]
15.8134259259259 16.6280555555556 17.1658333333333 18.7111111111111 19.9655555555556 20.4828571428571 19.7938095238095 19.0238095238095 18.4342857142857 18.0288888888889 16.7879365079365 15.6683068783069 15.2856084656085 16.0587830687831 16.8684126984127 16.8222222222222 15.5744444444444 14.0044444444444 12.3416666666667 9.49722222222222 7.22611111111111 7.40962962962963 11.6075925925926 13.7764814814815 15.6135185185185 15.9388888888889 18.2266666666667 16.52 15.6833333333333 12.4890277777778 11.7536309523810 8.25363095238095 6.66571428571429 4.64537037037037 3.41314814814815 1.999 0.755851851851852 0.176962962962963 4.99777777777778 10.6933333333333 16.7711111111111 17.8422222222222 16.4733333333333 16.1444444444444 13.9066666666667 14.5523809523810 13.2806349206349
17.2955555555556 17.69 18.6255555555556 19.31 20.3211111111111 19.6517460317460 18.7938095238095 17.9404761904762 17.7920634920635 17.4066666666667 14.6534920634921 13.2383068783069 12.7844973544974 15.3076719576720 16.8884126984127 17.3355555555556 16.5222222222222 14.61 12.6814814814815 11.0970370370370 11.0848148148148 13.0431481481481 16.01 15.8477777777778 14.0179629629630 12.09 14.0511111111111 13.7344444444444 13.4422222222222 9.26666666666667 7.72904761904762 3.97441798941799 3.49997354497354 1.92851851851852 1.85537037037037 0.637148148148148 0.364793650793651 0.0814603174603175 3.64412698412698 8.83444444444445 14.7255555555556 16.9566666666667 17.7755555555556 17.4122222222222 16.5533333333333 14.9323809523810 12.1539682539683
17.2444444444444 17.5622222222222 18.84 19.7344444444444 20.59 18.5539682539683 17.1382539682540 15.9949206349206 16.3153968253968 16.1861111111111 14.2227777777778 13.7187037037037 13.5976719576720 15.6087830687831 16.6061904761905 16.8966666666667 15.9477777777778 12.9911111111111 11.4294444444444 11.8438888888889 15.5672222222222 18.3311111111111 20.12 17.7388888888889 13.3788888888889 9.72746031746032 10.1219047619048 11.9696825396825 11.2333333333333 8.41222222222222 4.81126984126984 2.25124338624339 0.650132275132275 0.410899470899471 0.491481481481481 0.542148148148148 0.276460317460317 0.154793650793651 3.78746031746032 9.13888888888889 14.7466666666667 16.2477777777778 16.4477777777778 15.7877777777778 14.38 12.9579365079365 10.5906349206349
17.0022222222222 17.2305555555556 18.3509259259259 19.2675925925926 17.6937037037037 13.7666666666667 11.5633333333333 12.2413888888889 14.7747222222222 16.3608333333333 15.975 16.2416666666667 13.7277777777778 14.1744444444444 13.5422222222222 15.01 14.4833333333333 12.4711111111111 11.5844444444444 12.3881481481481 16.1237037037037 19.1003703703704 20.7688888888889 19.6355555555556 15.0288888888889 10.4711640211640 8.35116402116402 9.12671957671958 8.38777777777778 6.05333333333333 2.96555555555556 1.23775132275132 0.276640211640212 0.358862433862434 0.411666666666667 0.416111111111111 0.664960317460317 0.519960317460317 2.10329365079365 6.83333333333333 12.1044444444444 15.7711111111111 16.2155555555556 16.4744444444444 14.7133333333333 13.5888888888889 11.3677777777778
17.0366666666667 17.3327777777778 18.3618148148148 18.9873703703704 16.8257037037037 13.3233333333333 11.5822222222222 10.7269444444444 13.0825 15.3186111111111 19.2405555555556 19.9094444444444 15.0655555555556 11.1577777777778 9.32 11.8166666666667 12.7844444444444 11.5855555555556 11.2881481481481 12.5607407407407 16.3051851851852 19.1670370370370 20.5233333333333 19.6055555555556 16.5711111111111 13.035291005291 10.2019576719577 9.22862433862434 8.63555555555556 8.25444444444445 6.60555555555556 3.95126984126984 1.46126984126984 0.274232804232804 0.309629629629630 1.20851851851852 2.37027777777778 3.2025 4.80027777777778 8.73555555555556 13.3011111111111 16.1822222222222 16.6855555555556 16.6722222222222 15.5166666666667 14.9877777777778 14.66
14.2677777777778 16.3216666666667 18.4595925925926 18.7529259259259 16.2123703703704 13.8288888888889 10.4788888888889 8.06916666666667 9.43916666666667 13.6925 19.3855555555556 18.1244444444444 11.1522222222222 5.48222222222222 3.97 8.03888888888889 10.7544444444444 12.3111111111111 12.2068518518519 13.259126984127 15.4024603174603 17.9756084656085 18.6355555555556 17.6155555555556 15.2277777777778 12.9311640211640 11.4444973544974 11.0544973544974 11.3211111111111 11.8877777777778 10.95 7.13111111111111 2.98222222222222 0.230740740740741 0.379407407407407 1.78922222222222 3.80542592592593 5.4212037037037 4.85472222222222 7.45333333333333 10.8244444444444 15.7527777777778 17.095 18.0005555555556 17.7555555555556 16.98 16.2866666666667
13.4577777777778 17.3033333333333 19.3953333333333 19.1886666666667 18.4842222222222 18 15.7211111111111 9.82 8.94333333333333 11.74 16.4355555555556 15.0755555555556 8.42555555555556 4.94 3.61888888888889 7.87555555555556 9.53333333333333 11.7555555555556 12.0912962962963 14.2532010582011 13.6965343915344 13.3885714285714 11.8966666666667 12.1925925925926 10.2948148148148 10.3122751322751 10.1852380952381 12.0696825396825 13.1055555555556 13.5755555555556 13.04 8.47444444444444 3.81666666666667 0.115185185185185 0.290518518518519 2.26344444444444 4.88159259259259 7.43514814814815 7.25888888888889 8.47777777777778 10.9566666666667 15.1161111111111 17.215 17.9627777777778 17.6155555555556 16.9622222222222 15.5511111111111
11.8444444444444 17.4011111111111 19.4477777777778 19.5379166666667 18.9079166666667 18.6534722222222 16.5055555555556 10.4055555555556 9.69 12.1433333333333 16.3911111111111 14.9288888888889 10.1588888888889 8.12518518518518 5.2662962962963 7.74449074074074 8.91263888888889 13.2315277777778 14.4166666666667 15.9007936507937 14.2541269841270 10.7930158730159 7.79301587301587 6.15227513227513 5.25588624338624 6.78664814814815 8.7385 12.0682222222222 13.3344444444444 13.8122222222222 12.6477777777778 7.99111111111111 3.33333333333333 0.0282539682539683 0.181365079365079 1.71410582010582 4.40585185185185 6.95607407407407 6.37 6.72666666666667 8.88333333333333 13.645 16.3616666666667 17.3616666666667 17.0688888888889 16.43 14.3411111111111
12.0709523809524 16.7833333333333 19.0944444444444 19.1490277777778 19.09125 19.15125 19.0544444444444 14.7755555555556 14.8688888888889 15.5855555555556 17.7622222222222 17.2588888888889 13.4301851851852 12.2501851851852 9.1912962962963 11.0493055555556 12.18375 15.6859722222222 17.3277777777778 18.4644444444444 14.06 8.93555555555556 5.57079365079365 4.30783068783069 3.7089417989418 5.62748148148148 9.33933333333333 12.9989166666667 13.8695833333333 13.5406944444444 11.1433333333333 6.64666666666667 2.43222222222222 0.251587301587302 -0.0454497354497354 0.934142857142857 3.35588888888889 5.20848148148148 6.10222222222222 6.48 8.94111111111111 12.4833333333333 14.8766666666667 15.88 15.4466666666667 13.6911111111111 10.3944444444444
9.72973015873016 14.5892222222222 17.7332222222222 18.6361388888889 18.8934722222222 19.2023611111111 17.7455555555556 15.5133333333333 15.96 18.35 20.6577777777778 19.6077777777778 15.5368518518519 10.9279629629630 8.4424074074074 10.7593055555556 15.0781944444444 16.6826388888889 18.1311111111111 17.5988888888889 16.6555555555556 11.6622222222222 9.39079365079365 5.6952380952381 5.6788492063492 6.9485 11.4696111111111 14.6989166666667 15.12625 13.4818055555556 9.61222222222222 5.22 2.17555555555556 0.897142857142857 0.214550264550265 0.424365079365079 2.13896825396825 3.82933862433862 5.19507936507936 6.22333333333333 7.05222222222222 9.85 11.8822222222222 13.9466666666667 12.6022222222222 10.14 6.65666666666667
10.0660264550265 12.4188518518519 15.6117407407407 17.066 18.1911111111111 18.78 17.2288888888889 15.1811111111111 13.76 16.3988888888889 18.5844444444444 19.5422222222222 15.0111111111111 10.4492592592593 9.28862433862434 12.8008465608466 15.2115873015873 15.5233333333333 16.2844444444444 17.8944444444444 16.8833333333333 13.5944444444444 12.0822222222222 9.75574074074074 9.26703703703704 10.1292592592593 13.9946296296296 16.4606944444444 16.5995833333333 13.0473611111111 8.39111111111111 3.56888888888889 2.18222222222222 1.29888888888889 0.645185185185185 0.0757407407407407 0.86526455026455 1.61230158730159 4.21285714285714 6.10444444444444 6.54777777777778 7.97333333333333 9.22138888888889 10.7647222222222 8.31916666666667 5.03333333333333 2.28111111111111
10.9861851851852 11.8671851851852 13.0434074074074 16.651 18.2422222222222 18.9511111111111 17.4444444444444 15.0966666666667 11.5333333333333 12.9331746031746 15.2529894179894 18.3726190476190 15.4603703703704 11.9561111111111 10.5758465608466 11.5493650793651 12.7260317460317 12.7944444444444 14.9477777777778 14.8311111111111 15.7966666666667 13.2088888888889 13.8555555555556 11.3579629629630 11.7795370370370 12.6728703703704 15.3393518518519 17.1855555555556 17.2688888888889 12.3733333333333 7.32111111111111 2.51222222222222 2.58666666666667 1.76666666666667 1.01 0.136111111111111 0.332301587301587 1.93119047619048 4.28619047619048 7.33444444444444 7.53 8.88666666666667 9.08361111111111 9.0725 6.65694444444444 5.21444444444444 3.35555555555556
13.7785185185185 12.7646296296296 13.2601851851852 16.6594444444444 18.3666666666667 19.2288888888889 18.9688888888889 16.44 10.7088888888889 10.5331746031746 12.6641005291005 18.2559523809524 17.4948148148148 16.1316666666667 14.081541005291 11.1561706349206 8.37839285714286 8.26111111111111 10.5077777777778 11.8933333333333 12.9133333333333 13.5111111111111 14.7855555555556 14.0924074074074 14.1214814814815 14.8003703703704 16.3279629629630 17.4511111111111 17.6188888888889 13.6488888888889 9.27492063492064 4.31936507936508 2.98380952380952 1.49111111111111 0.845555555555556 0.251666666666667 0.176111111111111 1.78277777777778 4.57333333333333 8.73666666666667 10.6655555555556 12.1344444444444 11.6225 9.85138888888889 8.23472222222222 7.67 7.08777777777778
12.6722222222222 12.6316666666667 14.8327777777778 17.7759722222222 18.90875 19.7909722222222 19.7344444444444 18.5577777777778 12.3877777777778 11.2876190476190 12.1763227513228 18.1170634920635 18.8194444444444 17.8218518518519 16.2879166666667 12.09125 10.5256944444444 8.96 11.4133333333333 10.7888888888889 11.9185185185185 12.4527777777778 13.8194444444444 13.9875925925926 14.2611111111111 15.0644444444444 15.9755555555556 15 15.0744444444444 12.5092063492063 10.8852380952381 7.19190476190476 4.55714285714286 2.32777777777778 0.753809523809524 0.457142857142857 0.946587301587302 3.83833333333333 7.23388888888889 11.5544444444444 13.4955555555556 14.8277777777778 14.3422222222222 12.8888888888889 12.6066666666667 13.0966666666667 12.36
12.4222222222222 13.54 18.1144444444444 18.71875 18.95875 18.9554166666667 18.5833333333333 15.8088888888889 9.85444444444444 10.1133333333333 12.9555555555556 19.3733333333333 19.5288888888889 18.5388888888889 17.1834722222222 14.8168055555556 13.2845833333333 11.62 12.4533333333333 11.8544444444444 12.6592592592593 12.5001851851852 13.4279629629630 13.1912433862434 12.0958730158730 12.1087896825397 11.4473611111111 11.6140277777778 11.2588888888889 10.9425396825397 10.3252380952381 8.7752380952381 5.58047619047619 2.74888888888889 0.690920634920635 1.76980952380952 2.25147619047619 5.385 8.32277777777778 12.9055555555556 14.7322222222222 15.9833333333333 15.9077777777778 15.1244444444444 15.1111111111111 15.73 16.2233333333333
10.3315873015873 12.6455555555556 19.1322222222222 19.2476388888889 18.9676388888889 18.4231944444444 17.9522222222222 15.1766666666667 11.0122222222222 10.9377777777778 14.0755555555556 19.1011111111111 19.9155555555556 18.9655555555556 17.9112698412698 17.0046031746032 17.3312698412698 17.6188888888889 18.6166666666667 16.6644444444444 15.5881481481481 13.8735185185185 14.6779629629630 13.6950529100529 10.3985714285714 8.17482142857143 7.53625 9.31736111111111 9.76388888888889 8.14420634920635 7.24753968253968 6.62031746031746 5.04333333333333 2.61333333333333 1.26703174603175 3.47236507936508 5.66180952380952 9.00033333333333 11.1627777777778 13.8944444444444 14.7522222222222 15.3688888888889 13.8588888888889 13.9566666666667 14.9211111111111 17.7711111111111 18.46
12.6126984126984 15.7111111111111 20.3866666666667 19.9333333333333 19.07 17.6 16.7933333333333 12.5955555555556 10.6833333333333 10.85 15.3633333333333 18.4666666666667 18.8844444444444 16.5322222222222 15.6001587301587 15.4842328042328 17.8453439153439 18.9129629629630 19.5733333333333 17.6833333333333 16.7185185185185 15.3307407407407 16.4240740740741 15.0052380952381 11.3485714285714 8.35704365079365 7.57958333333333 11.2929166666667 11.8138888888889 8.785 6.80277777777778 5.03333333333333 4.61 1.43037037037037 2.05951851851852 5.84818518518519 9.10114814814815 11.9197777777778 12.8988888888889 14.5733333333333 14.5479166666667 14.2523611111111 12.4268055555556 13.3666666666667 15.3277777777778 18.9355555555556 19.9422222222222
15.6456613756614 16.04 18.5755555555556 17.8444444444444 19.0933333333333 17.5244444444444 16.9522222222222 14.5788888888889 14.4344444444444 13.8333333333333 15.8811111111111 17.0233333333333 17.2877777777778 14.4447619047619 12.2825132275132 12.5543650793651 15.9884920634921 18.1196296296296 18.9555555555556 19.3166666666667 19.39 19.0244444444444 18.4677777777778 16.8793650793651 12.5049206349206 9.81728174603175 10.32125 14.0334722222222 15.3305555555556 12.145 10.7883333333333 8.06111111111111 6.92466666666667 3.89725925925926 5.33085185185185 8.73151851851852 12.6333703703704 14.5175555555556 15.3755555555556 15.0466666666667 14.1356944444444 11.58125 9.82236111111111 11.3522222222222 14.8377777777778 18.35 19.0988888888889
19.3401851851852 18.9488888888889 19.0588888888889 17.5733333333333 18.6431746031746 17.3853968253968 17.2953968253968 15.1922222222222 14.8473333333333 14.0545555555556 15.429 15.8416666666667 14.0533333333333 9.58809523809524 6.39902116402116 7.00753968253968 12.555 15.8985185185185 18.1566666666667 18.7177777777778 19.6366666666667 20.02 19.2944444444444 18.3 15.3188888888889 14.3279166666667 14.13125 16.3568055555556 16.8311111111111 15.1933333333333 15.1033333333333 12.7955555555556 11.1000370370370 7.91485185185185 8.93344444444444 11.6489629629630 14.3197037037037 15.3036111111111 15.6191666666667 14.8704365079365 13.1554087301587 9.55763095238095 8.05302777777778 9.55444444444444 13.2844444444444 16.3688888888889 17.4233333333333
19.8227248677249 18.5833333333333 18.0455555555556 16.0979629629630 17.5422486772487 17.4811375661376 18.1442857142857 17.7766666666667 16.6617777777778 15.0906666666667 14.3062222222222 14.5566666666667 13.1444444444444 10.4936507936508 7.43124338624339 8.25346560846561 12.1509259259259 15.72 17.9033333333333 18.5888888888889 19.6766666666667 20.5677777777778 20.1055555555556 18.9 15.7933333333333 14.93125 15.2145833333333 17.3879166666667 17.9644444444444 17.9266666666667 17.3444444444444 16.2455555555556 12.5600370370370 10.7511481481481 11.0393703703704 14.1382222222222 15.8571111111111 16.1458333333333 15.5625 14.6193253968254 11.4430476190476 7.94749206349206 4.95844444444444 6.80444444444444 10.0555555555556 13.3888888888889 14.5377777777778
18.5386507936508 19.6422222222222 17.2188888888889 14.7860582010582 14.1925661375661 16.6714550264550 18.1876190476190 17.9266666666667 14.9195555555556 13.3428888888889 12.4795555555556 14.0022222222222 12.9011111111111 11.1522222222222 9.55333333333333 10.3566666666667 13.3711111111111 16.1788888888889 18.1747222222222 18.7369444444444 19.6625 20.36 20.2011111111111 19.4066666666667 18.2422222222222 17.5066666666667 17.6322222222222 18.3077777777778 18.7677777777778 18.5733333333333 17.5744444444444 16.3088888888889 12.8657407407407 11.7612962962963 11.8990740740741 14.9233333333333 16.4311111111111 16.9658333333333 15.8169444444444 15.0548809523810 12.2519365079365 10.8208253968254 6.78918518518519 6.35962962962963 7.2462962962963 10.2822222222222 12.53
