assignment3/chm2010.asc
NCOLS 211 
NROWS 144 
XLLCORNER 2515888.33 
YLLCORNER 6861174.83 
CELLSIZE 0.497677725117424 
NODATA_value -3.4e+38 
[rows 63 to 83 of 144, columns 47 to 93 of 211]
12.5612698412698 14.0176190476190 14.9955555555556 17.9688888888889 17.29 16.9011111111111 14.2011111111111 10.51 6.18777777777778 4.86777777777778 3.37416666666667 2.25972222222222 0.157870370370370 0.0644973544973545 0.168941798941799 0.29968253968254 0.428888888888889 2.70097222222222 5.32430555555556 10.8443055555556 14.1011111111111 17.4 17.7988888888889 18.2244444444444 18.1811111111111 18.0133333333333 18.15 18.8211111111111 19.6311111111111 20.0819444444444 19.6575 19.1619444444444 17.7163888888889 15.9575 14.3930555555556 13.0480555555556 11.4458333333333 11.4837698412698 12.4776190476190 15.8265079365079 17.4374603174603 18.15 18.0544444444444 17.1488888888889 15.2644444444444 13.59 11.2277777777778
15.0823809523810 16.9453968253968 17.6688888888889 18.8222222222222 17.7811111111111 16.2698611111111 13.3398611111111 8.00541666666667 4.57444444444444 3.29222222222222 3.27555555555556 2.14333333333333 0.0181481481481481 0.0617989417989418 0.185132275132275 0.274761904761905 0.406666666666667 1.93222222222222 3.05333333333333 8.39111111111111 12.4222222222222 17.0088888888889 16.9766666666667 16.76 16.4168253968254 16.7871428571429 17.5826984126984 18.7803174603175 19.5133333333333 19.7930555555556 19.3475 18.6422222222222 17.0666666666667 15.3577777777778 14.1041666666667 13.1069444444444 10.8325 9.18599206349206 8.15650793650794 11.4009523809524 14.6319047619048 17.8577777777778 18.1366666666667 17.0811111111111 14.71 13.1171428571429 11.0743650793651
15.1855555555556 17.5277777777778 18.4944444444444 19.5344444444444 18.2488888888889 14.6031944444444 9.83875 4.41541666666667 2.78555555555556 2.24555555555556 2.20333333333333 1.05888888888889 0.00814814814814815 0.0332275132275132 0.185449735449735 0.192857142857143 0.285555555555556 1.75666666666667 1.76111111111111 5.10777777777778 8.86888888888889 12.7477777777778 12.7166666666667 10.7755555555556 11.9034920634921 14.0682539682540 17.0560317460317 18.6869841269841 19.7533333333333 19.7533333333333 19.3433333333333 18.1502777777778 16.4725 14.8536111111111 14.1422222222222 13.8125 12.4800555555556 9.82172222222222 7.09149735449735 8.59483068783069 12.2942751322751 16.1997777777778 16.6722222222222 15.57 13.9188888888889 12.6460317460317 10.5465873015873
15.7188888888889 17.5566666666667 19.0222222222222 19.0711111111111 18.0644444444444 13.2985912698413 7.28700396825397 1.79589285714286 0.196190476190476 0.0966666666666667 0.0733333333333333 0.432222222222222 0.427777777777778 1.02793650793651 1.15089947089947 1.15089947089947 0.552962962962963 0.0888888888888889 0.0866666666666667 1.79666666666667 5.42333333333333 7.36 7.25984126984127 5.23095238095238 8.13666666666667 10.2482539682540 15.1871428571429 17.1014285714286 20.2322222222222 19.6277777777778 18.4022222222222 16.2347222222222 14.8625 13.9180555555556 13.9766666666667 14.1122222222222 12.7097777777778 10.2203333333333 7.80885185185185 9.19196296296296 12.4780740740741 15.3451111111111 15.6533333333333 14.8522222222222 14.2944444444444 12.0004761904762 10.3306613756614
15.7733333333333 17.0566666666667 18.2111111111111 18.1711111111111 15.4466666666667 9.89650793650794 4.31825396825397 1.44603174603175 1.4584126984127 1.63111111111111 2.7 2.45222222222222 3.5 3.87396825396825 5.25470899470900 4.73433862433862 3.00925925925926 1.26074074074074 0.395396825396825 0.0398412698412698 1.73206349206349 1.69888888888889 1.68634920634921 -0.0136507936507936 4.00259920634921 7.60847222222222 14.1551388888889 16.9666666666667 20.3933333333333 19.3177777777778 16.8833333333333 14.16 13.1588888888889 13.3155555555556 13.3366666666667 13.1412698412698 12.8810476190476 12.8671587301587 12.7221851851852 13.4952962962963 14.6336296296296 14.9917777777778 14.8344444444444 13.3811111111111 11.9633333333333 9.09238095238095 8.03645502645503
16.1133333333333 16.33 15.3622222222222 13.63 10.4233333333333 6.95984126984127 3.59825396825397 2.05714285714286 3.74619047619048 5.65111111111111 8.29666666666667 8.65444444444445 9.82 9.58730158730159 9.9758201058201 8.65322751322751 6.88814814814815 3.84185185185185 2.28910052910053 0.603544973544973 1.27104497354497 0.665277777777778 0.672738095238095 0.0407936507936508 2.42704365079365 5.89625 10.1551388888889 14.1855555555556 17.0266666666667 17.3688888888889 13.2644444444444 9.74555555555555 8.04777777777778 8.72555555555556 8.67777777777778 8.4668253968254 10.7157142857143 13.7723809523810 16.8214814814815 17.5290370370370 17.6134814814815 16.3897777777778 13.7155555555556 11.7611111111111 8.74333333333333 7.01238095238095 5.73867724867725
15.4844444444444 14.5474603174603 12.3063492063492 9.3163492063492 5.53222222222222 3.72888888888889 2.36222222222222 2.79777777777778 6.17555555555556 9.71444444444444 14.11 14.7633333333333 16.0433333333333 15.17 14.9133333333333 13.1386574074074 11.3264351851852 8.52532407407407 6.75306878306878 5.61195767195767 6.29390211640212 5.9275 4.59305555555556 2.37 2.3625 5.12138888888889 8.89583333333333 13.1355555555556 15.3355555555556 15.6354166666667 10.7265277777778 6.50875 3.90888888888889 4.50638888888889 4.22416666666667 3.95654761904762 8.17793650793651 13.1557142857143 18.0988888888889 18.6566666666667 18.6466666666667 17.4666666666667 14.3544444444444 12.1833333333333 8.59333333333333 8.68793650793651 7.7580753968254
14.6633333333333 12.5844444444444 9.79111111111111 6.14222222222222 3.62222222222222 2.97888888888889 3.40222222222222 3.31777777777778 7.69333333333333 12.7655555555556 17.8177777777778 19.4633333333333 19.9611111111111 19.3577777777778 17.44 15.7845833333333 14.45125 12.6179166666667 11.7810052910053 11.6321164021164 12.7273941798942 11.7719444444444 9.5283253968254 6.9608253968254 6.62263095238095 8.37625 10.1540277777778 13.0488888888889 14.7866666666667 15.5598611111111 10.95875 6.07527777777778 1.75875 0.741805555555556 0.2275 2.10638888888889 7.60888888888889 13.8144444444444 18.5355555555556 19.7733333333333 20.0533333333333 19.2244444444444 13.9888888888889 12.2755555555556 9.68666666666667 12.6877777777778 11.7556944444444
14.5011111111111 12.1977777777778 9.53888888888889 6.24888888888889 3.61622222222222 2.97011111111111 3.13566666666667 3.385 5.78444444444444 11.0711111111111 16.6944444444444 20.0877777777778 20.5344444444444 20.4466666666667 19.1666666666667 18.10125 14.5990277777778 14.18125 14.1461904761905 17.4439682539683 17.7550793650794 16.88 14.2263809523810 12.0974920634921 11.8070753968254 12.3895833333333 14.6329166666667 16.3644444444444 18.2322222222222 17.5065277777778 14.1943055555556 10.3608333333333 5.28875 4.06180555555556 1.78416666666667 4.66486111111111 8.42625 14.8440277777778 18.7955555555556 20.2388888888889 20.31 19.5077777777778 16.1066666666667 14.6288888888889 13.7288888888889 15.8988888888889 15.7401388888889
14.5333333333333 11.7836507936508 8.74920634920635 6.19987301587302 4.76948148148148 3.50337037037037 3.17937037037037 2.63166666666667 5.91444444444444 10.4366666666667 16.3666666666667 19.1777777777778 20.5877777777778 20.5411111111111 19.6022222222222 18.5566666666667 15.2633333333333 15.0333333333333 15.6933333333333 18.8822222222222 19.2122222222222 17.8733333333333 16.1395555555556 15.4355555555556 15.7555555555556 17.5682222222222 18.6333333333333 20.0422222222222 20.2311111111111 19.6455555555556 17.3677777777778 14.8265277777778 10.6809722222222 9.66875 6.91666666666667 9.56513888888889 9.54625 14.4529166666667 16.62 19.7566666666667 19.8855555555556 19.2144444444444 16.3477777777778 15.1088888888889 14.9455555555556 16.8477777777778 16.9177777777778
11.8066666666667 9.32861111111111 6.53194444444444 5.94353703703704 6.54818518518519 7.21477248677249 7.57651322751323 7.16325396825397 9.51444444444444 12.2488888888889 16.1855555555556 18.57 19.4655555555556 19.2322222222222 18.4922222222222 16.0855555555556 13.5655555555556 13.6544444444444 16.3444444444444 19.0233333333333 18.8611111111111 17.6888888888889 16.3922222222222 16.1826666666667 16.3293333333333 18.0015555555556 19.4688888888889 21.0944444444444 21.4888888888889 20.5566666666667 18.92 17.4011111111111 14.9366666666667 14.9344444444444 12.4655555555556 11.3706944444444 7.67847222222222 10.6195833333333 14.3844444444444 18.8611111111111 19.0922222222222 18.3311111111111 17.1333333333333 15.9466666666667 15.8586111111111 16.3052777777778 16.4875
8.62111111111111 5.35083333333333 5.5475 8.51798148148148 11.6864074074074 12.8591058201058 13.0808465608466 12.9049206349206 15.4922222222222 16.4944444444444 18.4255555555556 18.2922222222222 18.8777777777778 18.3022222222222 17.7266666666667 14.9102777777778 12.7680555555556 10.9836111111111 13.66 16.1658333333333 17.8813888888889 17.4658333333333 16.3111111111111 16.5693333333333 16.7071111111111 18.3250740740741 19.7268518518519 21.1379629629630 21.4155555555556 20.37 19.0251388888889 18.1706944444444 17.8606944444444 17.9077777777778 16.7755555555556 14.2366666666667 9.91888888888889 10.52 13.0593650793651 17.4273015873016 17.8406349206349 17.2968253968254 16.1566666666667 15.0255555555556 14.4919444444444 14.9575 15.3319444444444
7.80666666666667 6.69916666666667 9.01638888888889 13.0239814814815 16.1275925925926 18.2469576719577 19.0926984126984 19.6404761904762 20.1911111111111 20.48 20.1011111111111 19.3744444444444 18.52 17.83 17.65 15.2613888888889 13.2325 11.0869444444444 12.3377777777778 14.3886111111111 16.1961666666667 16.7772777777778 16.3386666666667 17.0344444444444 17.4341269841270 18.4654232804233 19.3143121693122 20.3357407407407 19.2366666666667 18.3911111111111 17.4884722222222 18.53625 18.7573611111111 18.7555555555556 17.4344444444444 14.4677777777778 11.7011111111111 11.9044444444444 14.2626984126984 16.7339682539683 17.1517460317460 16.6968253968254 15.6488888888889 13.0188888888889 11.3966666666667 10.0511111111111 11.0208333333333
8.44833333333333 10.2177777777778 14.2244444444444 17.3411111111111 19.3577777777778 20.5622222222222 20.8938888888889 21.3194444444444 21.4694444444444 21.6522222222222 21.3055555555556 20.1055555555556 19.2288888888889 18.5055555555556 18.4622222222222 17.7225 15.1836111111111 12.6747222222222 11.0786111111111 12.9322222222222 14.9708888888889 16.6133888888889 17.1075555555556 18.0855555555556 18.6730158730159 18.9776455026455 19.0598677248677 19.4957407407407 18.0488888888889 17.2088888888889 16.2340277777778 17.8240277777778 18.6329166666667 19.0322222222222 17.9444444444444 16.5153703703704 15.4098148148148 15.1242592592593 15.7815873015873 16.6550793650794 17.2317460317460 16.8346031746032 16.0988888888889 13.21 9.88694444444444 6.4125 5.85888888888889
9.58094444444444 14.5692777777778 18.0084444444444 19.3622222222222 20.4155555555556 21.6333333333333 21.9794444444444 22.0894444444444 22.2627777777778 22.1088888888889 21.4455555555556 20.1788888888889 19.1813888888889 18.9136111111111 19.0269444444444 19.0977777777778 18.0888888888889 15.14 12.0088333333333 11.6555 13.8404629629630 16.6371851851852 17.7716296296296 18.8533333333333 19.4030158730159 19.014126984127 18.5852380952381 18.4763888888889 17.0652777777778 16.2041666666667 15.2622222222222 16.7733333333333 17.7144444444444 18.3033333333333 17.5888888888889 16.1895370370370 15.2864259259259 14.9175370370370 15.8835555555556 16.9533333333333 18.0788888888889 18.0711111111111 17.1677777777778 14.0755555555556 9.94625 5.86291666666667 4.73375
8.65405555555555 14.8853888888889 18.7995555555556 20.5266666666667 21.3955555555556 22.0833333333333 21.6034126984127 21.2856349206349 21.5156349206349 21.7933333333333 21.38 20.3788888888889 19.5025 17.1525 16.8836111111111 16.7497777777778 17.0342222222222 12.4797777777778 8.27994444444444 7.65583333333333 11.5354629629630 15.7666296296296 18.2285185185185 19.4933333333333 19.8611111111111 19.4388888888889 18.7833333333333 18.7208333333333 18.2175 17.2152777777778 14.1977777777778 13.7519047619048 14.4830158730159 16.6685714285714 16.8917777777778 15.8637592592593 14.9028703703704 14.7733148148148 15.9446666666667 17.7088888888889 18.95 18.9622222222222 17.6788888888889 15.2188888888889 12.0570833333333 9.62375 8.77041666666667
8.79883333333333 14.6957222222222 18.2284444444444 19.9311111111111 21.1677777777778 21.7844444444444 21.2406349206349 18.3661904761905 18.5061904761905 16.6733333333333 18.6233333333333 17.6988888888889 18.7491666666667 16.3369444444444 16.2880555555556 16.4108888888889 15.5892222222222 10.3014444444444 4.83744444444444 3.83666666666667 7.50518518518519 12.9894074074074 16.8596296296296 18.8977777777778 19.3455555555556 19.5022222222222 19.5055555555556 19.5175 18.8408333333333 17.5341666666667 14.0622222222222 11.9007936507937 11.8396825396825 14.0192380952381 15.5924444444444 14.5323888888889 13.9630555555556 14.0679444444444 15.9935555555556 17.7355555555556 19.0877777777778 19.0644444444444 17.9022222222222 15.8911111111111 14.5648611111111 13.78375 14.5459722222222
8.37455555555555 11.6408888888889 15.9433333333333 17.7133333333333 20.65 21.0677777777778 18.2606349206349 15.3339682539683 15.5039682539683 15.9722222222222 18.2255555555556 17.1277777777778 18.25 15.3522222222222 15.4729629629630 15.5582962962963 14.7999629629630 11.0514444444444 5.95436507936508 3.74803174603175 4.27914285714286 7.41977777777778 10.9211111111111 14.7944444444444 17.4044444444444 20.1766666666667 20.4455555555556 20.6 19.5866666666667 18.0733333333333 14.1633333333333 11.5430158730159 10.7352380952381 12.7725714285714 14.4535555555556 14.166 14.2331111111111 14.818 16.6149206349206 17.8615873015873 18.6082539682540 18.4233333333333 17.6733333333333 16.03 15.99 15.9188888888889 17.4611111111111
7.04255555555556 9.66325 13.9545833333333 13.9568055555556 17.39 17.8444444444444 15.5411111111111 12.57 12.3244444444444 14.0366666666667 14.5833333333333 11.9866666666667 11.6122222222222 12.0028888888889 14.1484444444444 16.3528888888889 15.5036111111111 13.9447222222222 10.9640873015873 8.80380952380952 7.52714285714286 7.27952380952381 8.01460317460318 9.4268253968254 13.4350793650794 18.0888888888889 20.9111111111111 21.0133333333333 19.9144444444444 18.3588888888889 16.1588888888889 13.3677777777778 12.0038888888889 12.299 14.1912222222222 14.384 15.1977777777778 15.6144444444444 16.9238095238095 17.1580952380952 17.3858730158730 17.3453968253968 16.9966666666667 16.7411111111111 16.8466666666667 17.4266666666667 18.5988888888889
5.37722222222222 8.07347222222222 13.09125 13.3890277777778 16.3188888888889 16.6177777777778 13.2629166666667 10.6618055555556 10.3218055555556 13.2833333333333 11.6688888888889 7.82444444444444 5.81222222222222 7.05288888888889 10.8684444444444 14.7595555555556 16.7752777777778 16.4630555555556 15.6479761904762 13.9760317460317 12.4926984126984 8.36507936507937 6.98460317460317 5.4368253968254 10.9561904761905 15.3033333333333 20.0111111111111 20.1511111111111 19.3233333333333 17.9088888888889 16.0766666666667 14.3144444444444 12.8542592592593 12.9287037037037 14.1387037037037 15.5666666666667 16.9044444444444 17.5988888888889 17.6893650793651 17.3836507936508 16.5547619047619 16.5653968253968 16.3833333333333 16.8122222222222 17.0788888888889 18.0388888888889 19.2255555555556
6.81888888888889 11.0379166666667 14.9145833333333 15.1245833333333 15.6688888888889 15.0866666666667 12.6151388888889 8.43625 6.87736111111111 6.89444444444444 5.19333333333333 1.78111111111111 0.0722222222222222 1.76733333333333 7.27325925925926 13.0531203703704 17.5266203703704 18.3506944444444 18.8430555555556 18.4644444444444 17.8988888888889 14.2095238095238 12.5668253968254 8.32571428571429 11.5050793650794 13.39 18.46 18.8466666666667 18.4166666666667 17.0822222222222 15.4933333333333 12.4 11.0723148148148 11.6845370370370 14.7545370370370 16.5433333333333 17.6444444444444 18.2922222222222 18.1955555555556 17.5231746031746 16.1098412698413 15.9976190476190 16.0666666666667 17.04 17.2348611111111 18.1470833333333 19.0181944444444
